Scores in order of my_pop.txt 87
4637.2
4839.6
4683.2
4844.4
5056.0
4759.2
4768.8
4768.8
4759.2
4790.0
4771.6
4831.6
4774.8
4831.6
4835.2
4682.4
4790.0
4746.0
4569.2
4736.0
4790.0
4724.8
3749.2
4976.4
5068.0
4749.2
4938.8
4361.2
4456.4
4835.2
4798.8
4835.2
4839.6
4720.0
4137.2
4938.8
4938.8
4746.0
4751.2
4948.8
4637.2
5056.0
4667.2
4768.4
4052.0
4912.4
4768.0
4600.4
3988.8
4835.2
4749.6
4485.6
4771.6
4799.2
4954.4
4720.0
4889.2
5068.0
4815.6
4895.2
4921.2
5066.8
4879.6
4846.0
4790.0
4614.0
4938.8
3857.6
2715.6
4594.0
4628.0
4921.6
3800.4
4830.0
4938.8
4513.6
4185.2
4774.8
4857.6
4790.0
4774.8
4790.0
4976.4
4183.2
4270.0
4876.4
5070.8
4746.0
4137.6
4754.0
4288.4
3536.0
5238.0
4774.8
4886.8
4801.6
4836.0
4913.6
4835.2
4961.2
