Scores in order of my_pop.txt 59
4579.2
4559.2
4559.2
5125.6
4628.4
5029.2
4758.0
4840.4
4587.6
4590.4
4780.4
5020.4
4830.4
4988.4
4508.4
5037.6
3793.6
3741.2
4806.4
4559.2
4520.8
4556.8
4946.4
2598.8
4587.6
5116.8
4576.0
4880.8
4387.2
4869.6
4758.0
5110.4
4694.4
4384.8
3512.8
4855.2
4552.4
4628.4
4208.4
4593.2
4646.8
4758.4
4620.4
3848.0
4248.0
4268.0
4801.2
4973.6
4599.6
4588.4
4788.4
4450.4
4790.8
5056.4
4181.2
4476.8
4808.4
4467.2
4690.0
4032.4
4421.6
4620.4
4754.8
4806.4
3945.6
4643.6
4766.0
4425.6
4644.4
4714.4
4830.4
4370.4
3578.0
4760.8
4806.4
4598.8
4434.4
4042.8
4840.0
4838.4
2598.8
4734.8
4802.0
4004.8
3785.6
4256.4
4146.4
4642.4
4286.4
4410.0
4727.2
4151.6
4726.8
4053.6
4587.6
4206.0
3935.6
4765.2
4223.6
4082.4
