Scores in order of my_pop.txt 46
5096.8
4953.6
4761.2
4700.4
5032.8
4982.4
4812.0
4788.0
5116.0
5008.0
4404.0
4951.6
4550.8
4914.8
4267.2
4540.4
5000.8
4768.0
4497.6
4701.6
4881.6
5142.4
4540.4
4434.4
4664.0
4499.6
4070.4
4795.2
4801.6
4850.0
4619.2
4600.0
4592.8
4801.6
4630.0
4387.2
4724.8
4858.8
5044.8
4717.6
4398.8
4744.4
4820.8
4582.0
3727.6
3323.2
4706.0
5118.8
4864.8
4296.0
4560.0
4711.6
4812.4
4674.4
4837.6
4312.0
4765.2
4972.4
4522.8
2794.0
4862.8
4654.0
4277.2
4678.8
4468.8
4812.0
4120.8
4306.0
5024.0
4342.0
4237.2
4244.0
4235.6
4749.2
4254.4
4625.6
4297.2
4958.0
4613.6
5021.2
4568.4
4899.6
4564.8
4428.4
4202.8
4466.0
4016.4
4073.6
4405.2
4311.2
4764.8
4069.6
4113.6
4696.4
4647.2
4788.0
4801.6
4710.4
4684.0
4603.2
