Scores in order of my_pop.txt 36
4709.2
4585.2
4917.6
4722.8
4779.2
4964.4
4715.6
4595.6
4557.6
4993.6
4432.8
4470.4
4820.4
4879.2
4814.4
4015.2
3798.0
4624.0
4938.8
4689.6
4251.2
4488.8
4628.8
4575.2
4599.2
4661.2
4806.4
3862.0
4273.6
4927.2
4584.4
4422.8
4226.4
4912.4
4724.8
4610.4
3814.4
4442.8
4654.8
5010.8
4894.4
4804.4
4397.2
4496.0
4578.8
4936.8
4063.2
4001.2
4842.0
4663.2
4926.8
4622.0
4379.6
4617.6
4482.0
4184.0
4668.0
4772.8
4607.6
3604.4
4778.4
4622.8
4526.0
3847.2
3946.0
3812.4
3067.6
4576.0
4551.2
4605.2
4115.2
4556.0
4377.6
4665.6
4486.8
4668.8
4788.4
4482.8
4649.6
3982.0
4483.2
4419.2
4461.6
4175.6
3960.4
4698.8
4326.0
4551.6
4846.8
5018.8
4263.6
4043.2
4212.4
3996.8
4718.4
4578.4
4286.8
4750.8
4722.4
4395.2
