Scores in order of my_pop.txt 58
4931.2
4929.2
4926.4
4926.4
4926.4
4929.2
4926.4
4944.0
4902.4
4993.2
4877.6
4908.4
5131.2
5352.8
4126.0
4888.8
4564.8
4926.4
4860.4
5131.2
4938.4
4304.8
4782.0
4878.4
5098.4
4919.2
3243.6
4988.8
4936.8
4980.8
4814.8
5081.2
5040.0
4960.4
5173.2
4556.4
4243.2
5060.0
4693.2
4907.6
5060.8
4259.2
4973.6
4703.6
4939.6
4901.2
5229.2
4860.8
4406.8
4652.4
4329.2
5141.6
4926.4
4929.2
4308.4
4924.8
4047.6
5131.2
4710.4
4077.6
4148.8
4966.8
4751.6
4961.6
4970.8
4914.8
4820.8
4397.2
5038.8
4955.6
5073.6
4953.2
4855.6
2599.6
4289.2
3910.0
3000.0
4552.4
3993.6
4958.0
4551.6
4944.8
5152.0
4815.2
5159.2
5266.8
4947.2
4432.8
4831.6
4696.0
5068.4
4989.2
4967.2
4569.2
5266.8
3956.0
4849.6
3736.0
4960.4
4975.2
