Scores in order of my_pop.txt 72
4804.4
4861.2
4951.2
4951.2
5018.8
5017.6
4840.0
4840.0
4840.0
4883.2
5109.6
4950.4
5051.2
5064.8
4912.0
5014.0
4521.2
1904.8
4213.6
4840.0
4791.6
5009.2
4766.8
4857.2
4931.2
4928.0
5064.8
4040.0
5040.8
4722.8
4142.4
4964.4
4730.4
4384.0
5064.8
4840.0
4861.2
5064.8
5074.8
4334.8
5071.2
5030.8
4804.4
5038.4
4906.0
4268.4
4099.2
4604.8
4912.0
4893.2
4932.8
4481.2
4970.0
5018.8
4951.2
5101.6
4223.6
4162.0
2674.8
4264.4
4893.2
4024.8
4126.8
4045.6
4189.6
4788.8
4718.0
3924.4
4916.0
4999.6
5035.2
4840.0
4970.0
3874.0
5026.8
3534.8
5002.8
5004.8
4924.8
5254.4
4901.2
5097.2
4228.0
5191.2
4603.2
4660.0
5043.6
5030.0
4402.8
4610.4
4302.4
5024.0
5064.8
4053.2
5123.6
4470.0
5036.4
4075.6
4999.6
5062.4
