Scores in order of my_pop.txt 83
4847.6
4847.6
5139.2
5105.6
5213.2
5034.8
5124.4
5024.8
5024.8
5024.8
5153.6
4996.0
4909.6
4864.0
3898.8
4998.0
4800.0
4697.2
4897.2
5000.4
4254.4
4539.2
2569.6
4891.2
4337.6
4917.2
4836.8
4847.6
5050.0
4935.6
4763.6
4997.2
5139.2
5054.4
4112.8
5062.0
4886.4
4681.2
4982.4
5105.6
5044.0
5092.8
5121.6
4987.6
4891.2
4891.2
4904.8
5000.4
4998.0
4891.2
4714.4
4116.4
4998.0
4740.0
5007.2
5063.6
5121.6
4881.2
4836.4
4621.6
5270.8
4509.2
5090.4
4767.6
4088.4
4800.0
4998.0
4158.0
4913.2
4881.2
4808.0
4848.8
5007.2
4935.6
4897.2
3840.4
4997.2
4864.8
4774.0
4124.0
5124.4
4816.8
5054.4
4997.2
4998.0
5213.2
4095.2
4890.0
4209.6
4590.8
5153.6
4915.2
5170.0
4997.2
4986.4
5034.8
4997.2
5155.2
4997.2
3908.8
