Scores in order of my_pop.txt 67
5137.6
5137.6
5185.2
4780.8
4972.4
5181.6
5181.6
5118.8
4656.0
5118.8
4372.0
4712.4
4176.8
4121.2
4690.4
4130.0
4432.0
4242.0
4428.0
4280.0
4855.6
4152.4
4690.8
4897.6
4879.2
4701.2
4680.0
4700.4
4522.8
4694.0
5193.2
5009.2
4986.4
5181.6
4734.4
4599.2
5042.4
4627.2
4141.2
4973.2
4605.2
4850.4
4920.4
4816.0
4377.6
4707.6
4842.8
4973.2
4847.6
4825.2
4738.8
4746.8
5248.0
2437.2
4069.6
4798.4
4898.8
5038.0
4868.0
4779.2
4701.6
4707.6
4920.4
4098.8
4779.6
4436.0
4479.2
4665.6
4707.6
5017.6
3057.6
4673.6
4157.2
5143.2
5185.2
4216.0
4825.2
4683.2
4898.8
5106.0
4707.6
5089.6
4615.2
4458.4
4946.0
4622.8
5062.4
4824.0
4024.0
4858.0
4836.4
2720.4
4973.2
4734.4
4926.4
4008.0
2418.0
4935.2
4110.0
4986.4
