Scores in order of my_pop.txt 95
4878.0
4935.6
4898.8
4898.8
5241.2
5241.2
4913.6
4775.6
5042.8
5020.4
5191.2
5216.0
4971.2
4974.4
4081.2
5216.0
5191.2
4913.6
5241.2
4974.4
4972.0
4974.4
4951.2
5216.0
5074.0
4974.4
4876.4
5168.4
5191.2
4974.4
4672.0
5241.2
5191.2
5191.2
5191.2
4972.0
4978.0
5079.2
4902.8
4814.0
4974.4
4929.2
4958.8
5144.4
5216.0
5074.0
4878.0
5036.8
5216.0
4438.4
5084.8
4997.2
4775.6
5020.4
5068.4
5054.8
5137.6
5116.4
4392.4
5191.2
4974.4
4846.8
4972.0
5116.4
5216.0
5036.8
4956.4
4956.8
4045.2
4913.6
5020.4
4204.8
4246.4
4439.2
5074.0
5241.2
4913.6
4972.0
4186.4
4201.2
4908.4
5191.2
5074.0
5074.0
4974.4
4913.6
4250.4
4928.0
5216.0
4934.8
5020.4
4913.6
4974.4
5042.8
4974.4
4887.2
4890.0
5191.2
4944.8
4590.8
