Scores in order of my_pop.txt 54
4910.4
4924.4
5152.4
4760.4
4890.4
4890.4
4709.2
4825.2
4850.4
4744.4
4903.2
5028.0
4622.8
4625.2
4804.0
4826.8
5069.6
4804.0
4820.8
4695.6
4720.4
4959.6
4854.4
4006.4
4310.0
4182.4
3973.2
4214.8
4924.4
4928.4
4316.0
4854.4
4903.2
4861.2
4892.4
5066.0
4574.4
4043.2
4906.0
4767.6
4199.2
4892.0
4398.4
5014.4
4953.2
4506.4
4909.2
4739.2
3810.0
4722.4
4792.0
4764.4
4513.6
4582.4
4850.4
4901.2
4790.0
4895.6
4945.2
4408.4
4426.4
5062.8
4324.0
4178.4
4578.0
4881.6
4904.8
5038.8
4272.8
4469.6
4792.0
4918.8
4972.0
4825.6
4676.0
5168.0
4992.4
4451.2
4842.4
2766.8
4954.0
4943.6
5016.4
4893.6
4947.6
4898.0
3931.2
4717.6
2862.8
4650.0
5248.8
4043.6
5115.2
4919.2
4754.0
4625.6
4665.2
4836.8
4711.2
4902.8
