Scores in order of my_pop.txt 73
4979.6
4940.4
5128.8
5026.8
4924.0
5137.2
4888.0
5103.6
5057.6
5046.4
3897.2
4852.0
4988.4
5026.8
4915.2
4832.8
4729.2
4806.0
4099.2
5042.0
5052.4
4617.2
5057.6
4861.2
4657.2
4848.4
4269.6
4952.8
4969.2
4982.8
4864.8
4840.8
4606.0
4242.0
4723.2
4615.2
4968.4
5127.6
4853.2
5072.4
4838.0
4471.6
4906.4
5057.6
4878.4
4452.0
5227.2
4978.8
4852.0
4950.4
4979.6
5144.4
4983.2
4910.0
5126.0
4817.2
4922.8
4914.0
5002.0
5164.8
4929.2
5102.0
4884.0
4776.4
4884.0
5065.6
4246.8
5072.4
4347.6
4540.0
4228.0
5262.4
4998.0
4069.6
4981.2
4719.2
4567.6
4882.8
5190.4
5057.6
4755.2
4321.6
3860.4
4013.2
4298.0
5057.6
4884.0
4857.6
4440.0
4964.8
4873.6
5043.6
3988.0
4652.4
5082.4
5057.6
4976.0
4418.0
4318.8
4792.0
