Scores in order of my_pop.txt 21
4173.6
4582.4
4543.6
4673.6
4377.2
4498.4
4635.2
4821.2
4518.8
4688.8
4498.0
3350.8
4549.2
4411.2
4266.0
4464.4
4165.6
4432.8
4363.2
4464.0
4492.4
4365.2
4344.4
4638.8
3482.4
4624.4
4800.0
4500.4
4126.4
4607.2
4161.6
4378.4
4158.8
4418.8
4436.4
4500.0
4164.8
4290.8
4982.0
4146.4
4070.8
4427.2
4724.0
4622.0
4451.6
4636.8
4500.8
4058.4
4206.8
4445.6
4740.8
4519.2
4467.2
4191.2
2556.8
4791.6
4413.6
3944.8
4316.4
4495.6
3422.0
4522.8
4513.6
3897.6
3696.0
4284.4
4332.8
4031.6
3835.2
4339.2
4410.0
4418.0
4744.8
4396.4
4466.4
4432.0
4442.4
4583.2
4424.0
4604.0
4332.0
4102.4
2450.0
4424.4
4208.0
4487.2
4394.8
4520.4
4587.2
4510.0
4412.0
4463.6
4425.6
3962.0
4382.0
4348.0
3811.2
4045.2
4528.0
4052.4
