Scores in order of my_pop.txt 30
4855.2
4669.6
4626.8
4647.6
4320.4
4618.0
4354.4
4859.2
4796.4
4591.2
4353.6
3888.8
4754.0
4249.6
4685.6
4828.0
4336.4
4520.0
4474.8
3816.0
4199.2
4770.8
4628.0
3192.4
4601.6
4615.2
4233.6
4226.8
4607.2
4671.2
4477.6
4241.2
4612.8
4489.6
4733.2
4561.6
4617.6
4393.6
4745.6
4053.2
4320.4
4406.4
4667.2
4648.0
4337.6
4642.8
4283.6
4538.8
4293.6
4492.0
4673.2
4411.6
4590.8
4486.4
4616.8
4691.6
2419.2
4612.4
4607.2
4907.2
4575.6
4208.8
4320.4
4184.4
4017.2
4442.4
4323.2
4559.6
4874.4
4607.2
4310.4
4604.4
4665.6
4477.2
4583.2
4917.6
4607.6
4614.4
4832.8
4568.8
2462.0
4601.2
4426.8
4538.0
3803.2
4567.6
4492.0
4656.4
4151.6
4096.4
4424.0
4513.6
4251.6
4602.0
3969.2
4368.4
4378.8
4586.0
4800.4
4482.0
