Scores in order of my_pop.txt 74
4796.8
4848.0
4856.4
4827.2
4809.6
4939.6
4872.4
4828.8
4955.2
4939.6
4777.2
4821.6
4831.2
5112.0
4932.8
4867.2
4086.8
4816.4
4719.6
4286.4
4963.2
4869.6
4898.0
4701.6
4866.0
4849.2
4853.6
4976.8
4897.2
4796.8
4925.6
4328.0
4655.6
4828.4
4859.6
4201.2
4549.6
5170.8
4847.2
4779.2
4734.4
4934.8
4832.8
4232.8
4775.6
4968.0
4776.0
4790.0
4892.0
4844.4
5030.0
4886.4
4789.2
4931.2
4860.0
4750.8
4886.0
2453.6
4521.6
3886.8
4116.8
4868.8
4801.6
4866.0
4755.2
4252.8
4925.6
4872.4
5008.0
4897.2
3816.4
4845.2
4845.2
4850.4
4937.2
4766.8
4931.2
4992.0
4676.8
4910.4
4868.4
4933.2
4888.0
4804.4
4884.0
4155.2
4898.4
4187.2
5000.4
4734.0
4352.4
4910.4
4910.4
4128.0
4393.2
4941.6
4087.6
4777.6
4725.6
4906.8
