Scores in order of my_pop.txt 93
5118.0
5118.0
5118.0
5118.0
5118.0
5118.0
5118.0
5118.0
4855.6
4877.2
5134.4
4846.0
5043.2
4846.0
4855.6
4835.2
4877.2
4846.0
4846.0
4898.4
5110.8
4884.4
4840.4
5118.0
2082.4
4817.2
4817.2
4795.2
4882.8
4849.6
4846.0
4271.2
4849.6
4840.4
4952.8
4680.4
4516.0
4839.2
4814.0
4817.2
5043.2
5043.2
4236.4
3990.4
5049.6
4817.2
4312.4
5118.0
5043.2
4884.4
4849.6
4727.6
5118.0
4850.0
5017.6
5118.0
5118.0
4849.6
4846.0
4849.6
4840.4
4670.8
4884.4
5118.0
4852.0
4737.2
4846.0
4702.8
4798.4
4933.2
4840.4
4877.2
5085.6
3030.4
4933.2
2836.4
4808.0
5118.0
4817.2
3805.2
4923.6
4884.4
4840.4
5004.8
4068.0
5043.2
4846.0
4849.6
4824.4
5063.2
4849.6
4927.2
4817.2
4849.6
4808.0
4835.2
4808.0
5118.0
4982.0
4840.4
