Scores in order of my_pop.txt 53
5092.0
4952.4
4662.0
4822.4
4860.0
4908.0
4645.2
5014.4
4860.8
4712.8
5010.4
3419.6
5092.0
4129.6
5014.8
4048.4
4143.2
4776.0
4384.8
2564.0
4468.8
5201.2
4281.6
4765.2
4357.6
4999.2
4739.2
4294.8
4775.6
4326.4
4122.4
4880.0
5014.4
3686.4
4926.0
4992.4
4881.6
4700.4
4739.6
4998.0
5026.4
4949.6
4824.8
5036.8
4526.8
4559.2
4442.8
5054.4
4458.4
4573.6
4164.8
4058.0
4362.0
4997.2
4777.2
4998.4
4821.2
3200.8
4178.8
4981.2
4436.4
4812.0
4881.2
5100.8
4071.6
4948.4
4542.8
4668.8
5132.8
4870.8
4112.0
4625.6
4967.6
4998.0
4372.8
4198.0
4346.4
4754.0
4992.0
4124.0
4826.8
5044.8
5000.4
5024.0
4150.4
4978.8
4513.6
5054.4
4110.4
4823.2
4091.6
4106.0
4752.0
4927.2
4024.8
4389.6
5112.4
4815.6
4088.0
4398.0
