Scores in order of my_pop.txt 98
4774.8
4725.2
4751.2
4725.2
4767.6
4698.4
4632.8
4732.8
4726.4
5135.2
4842.8
4725.2
4936.0
4730.4
4750.4
4903.6
4799.6
4980.8
4672.8
5144.0
4430.8
5012.0
4339.2
4166.0
4854.8
4010.4
4875.2
4980.8
4544.4
4167.2
4859.2
4682.0
4587.2
4879.6
5001.6
4558.4
4980.8
4980.8
4989.6
4913.6
4560.8
4926.8
4759.2
4087.2
4903.6
4880.4
4557.6
4823.6
4544.4
5135.2
4551.2
4293.6
4774.8
4743.2
4586.0
4553.6
5144.0
4698.4
4135.6
4980.8
5077.6
4725.2
4729.6
4315.2
4744.0
4823.6
4642.0
4560.8
4570.4
4123.6
4980.8
1909.6
4408.4
4553.6
4980.8
4725.2
4544.4
4520.4
4214.8
4560.8
4980.8
4678.0
4980.8
4104.4
4980.8
4232.0
5144.0
4294.8
4980.8
4560.8
4980.8
4926.8
4903.6
4546.0
4138.8
4732.8
4816.4
4802.8
4560.8
4632.8
