Scores in order of my_pop.txt 85
5186.4
4859.2
4859.2
5061.2
5061.2
5082.8
5061.2
5037.2
5068.4
5082.8
4846.8
5061.2
5044.0
4580.4
5186.4
5061.2
5049.2
5036.4
4850.0
4798.8
3885.2
5049.2
5031.6
4998.0
3667.6
5082.8
4834.0
4604.0
5028.4
5030.4
4965.2
5049.2
5036.4
5082.8
5084.4
5122.0
4890.4
4482.4
5275.6
4813.2
4673.6
3726.4
4226.8
5053.6
5061.2
5011.2
4496.0
4473.6
5230.4
4242.0
4658.8
4859.2
4981.2
5208.8
5049.2
4500.4
4850.0
3826.0
4193.2
4210.4
4482.4
4740.4
4726.4
5122.0
5151.6
5024.4
4737.2
5122.0
5208.8
4765.2
5091.2
4072.4
5044.0
4880.8
5208.8
4337.6
5036.4
5086.0
4174.8
5208.8
4270.8
5082.8
4144.0
2818.4
3874.8
4218.0
4242.8
5082.8
5134.4
5049.2
5134.4
5049.2
4894.4
5061.2
4541.2
4380.8
4094.8
4913.2
5042.4
4136.8
