Scores in order of my_pop.txt 39
4726.4
4736.8
4822.8
4770.0
4876.8
4712.8
4772.8
5094.4
4687.6
4590.4
4256.4
4440.4
4610.8
4614.4
4513.6
3972.8
4780.4
4916.8
4580.4
4631.2
4803.2
4643.2
2517.6
4486.0
4604.8
4567.2
4464.8
4716.8
4584.8
4283.6
4508.8
2005.6
4195.2
4548.4
4261.2
4682.4
4833.6
4758.0
2282.8
4328.8
4638.8
4807.2
4587.2
4412.4
4433.6
4414.4
2440.8
4631.2
4624.0
4137.2
4775.2
4225.6
4646.0
4788.4
4118.0
4528.8
4562.0
4814.4
2440.8
4470.4
4326.4
4629.6
4434.8
4569.6
4695.6
4665.6
4076.0
4098.0
4594.4
3769.6
3766.4
4339.6
4277.6
4950.4
4626.0
4399.6
4064.4
4465.2
3944.8
4170.8
4645.2
4602.0
2550.4
4049.6
4991.6
4086.0
4497.6
1893.2
3801.6
4159.6
4791.6
4353.6
4523.2
4807.6
4882.4
4534.4
4418.0
4508.0
4294.0
4550.8
