Scores in order of my_pop.txt 55
4962.8
4948.8
4958.4
4902.8
4922.4
4550.8
4898.4
4735.6
4801.6
4691.6
4625.2
4795.6
4565.2
4592.0
5047.2
3789.2
4842.0
4770.8
5014.8
4804.4
4159.2
4879.2
4775.6
4734.8
4350.8
4584.0
4948.8
4546.0
4572.8
4640.8
4754.8
4691.6
4688.0
3946.4
2946.0
4264.0
4684.8
4282.4
4292.4
4956.0
4188.0
4698.0
4938.0
4350.0
4629.2
5036.4
3811.6
4082.8
4900.4
4972.0
4801.6
4080.4
4132.4
4705.2
4805.2
4700.8
4413.2
4256.4
4986.8
4717.6
4932.4
4760.8
4148.4
4962.8
4936.0
4168.8
4582.0
4727.6
4741.6
4600.0
4705.2
4402.0
4744.0
4951.2
4106.0
4400.8
4620.0
4796.0
4736.8
4828.8
4202.0
4881.2
2920.0
4605.2
4761.6
2548.8
3748.8
4012.0
4584.8
4951.2
4776.4
4970.8
4730.8
4948.8
4701.6
4861.2
4773.6
4996.8
4840.0
4580.4
