Scores in order of my_pop.txt 37
4738.0
4969.6
4704.0
4801.2
4665.2
4889.2
4843.2
4700.8
4633.2
5007.2
5027.2
4660.8
4267.6
3436.0
4476.4
2716.0
4728.4
4483.2
4284.4
4480.0
4827.6
4644.8
4129.6
4511.2
4983.2
4322.8
2338.4
4626.4
4842.4
4454.8
4716.8
3973.2
3323.2
4338.0
4730.8
4433.2
4856.8
4234.4
4273.6
4793.6
4618.4
4528.8
4708.8
4227.2
4647.2
4543.6
4143.2
4778.0
4255.6
4586.4
3136.4
4590.8
4781.2
4544.4
4585.6
4612.4
4467.2
2787.2
4576.4
4221.6
4522.8
4732.8
4124.0
4396.4
4782.0
3900.8
3986.8
2976.4
3654.8
4739.6
2432.4
4268.8
4110.0
4820.4
4946.0
4178.0
4230.4
4312.4
2070.4
4268.0
4779.6
4675.6
4690.4
4666.4
4812.4
4668.0
4637.6
4699.2
4350.8
4100.8
4204.4
4560.4
4797.6
2742.0
2102.8
4589.6
4630.8
4773.6
4598.0
4821.6
