Scores in order of my_pop.txt 32
4748.8
4510.8
4684.8
4993.6
4630.4
5078.0
4719.2
4554.8
4662.4
4445.6
4598.8
4522.4
4750.0
4459.6
4672.8
4529.2
5068.4
4586.0
4203.6
4815.6
4688.4
4428.4
3968.0
4720.8
4382.0
4260.0
4340.8
4530.8
4658.4
4682.4
4616.4
2438.0
4552.0
3976.0
4884.4
4941.2
4481.6
5078.0
4641.2
4575.6
4570.0
4686.4
4329.2
4528.0
4417.2
2642.0
4580.8
4488.4
4820.0
4899.2
3934.8
4550.4
4314.4
4661.2
4472.0
2041.6
4146.8
4232.8
4512.0
4414.0
4526.8
4389.2
4386.8
4414.0
4268.4
4860.0
3830.4
4678.4
3543.6
4729.2
4260.8
4256.0
4292.0
4062.8
4865.6
4596.4
4254.4
4238.4
4571.2
4416.4
4304.8
4121.2
4402.8
4665.2
4778.8
4239.6
4304.4
4072.8
4572.0
4308.4
3705.6
4882.0
4489.2
4454.8
3634.4
4451.6
4068.4
4728.0
4350.0
4614.8
