Scores in order of my_pop.txt 52
4948.4
5084.8
5247.6
4981.6
4965.6
4875.6
4909.6
4608.8
4996.4
4938.0
4052.8
4148.8
5030.4
4928.8
4054.4
4840.0
4661.2
4959.6
3324.4
4132.0
5069.6
4970.4
4306.0
2886.8
5025.2
4870.4
4841.2
4570.0
4923.2
4791.6
4582.4
3982.8
4850.4
4777.6
4509.2
4890.0
4917.2
4355.2
4931.6
4940.8
4731.6
4984.8
3597.2
4834.4
4930.4
4517.6
4425.6
5124.0
4006.4
4923.2
4570.0
5181.2
4492.0
4818.4
4540.8
4458.8
5013.2
4963.6
5032.8
4735.2
4298.0
4857.2
4236.0
4349.6
4679.2
5129.6
4753.2
4538.0
4265.2
4790.0
4104.8
4832.0
4897.6
4661.6
4861.6
4212.8
3950.0
4069.6
4596.4
4433.6
4892.0
4793.2
5038.4
4970.8
4874.0
4737.2
3486.4
5036.8
4726.4
4101.2
5028.4
4957.6
4400.0
5109.6
4988.8
2599.6
4742.4
4224.0
4629.2
4466.0
