Scores in order of my_pop.txt 29
4602.4
4399.6
4522.8
4573.2
4685.2
4666.4
4581.2
4548.8
4483.2
4972.4
4390.0
4201.2
4468.8
3926.0
4740.8
4516.4
4368.8
4476.0
4327.2
3668.8
4596.0
4566.4
4151.6
4508.4
4269.6
3948.0
4517.2
4754.0
4336.8
4454.0
4656.4
4676.8
4350.8
4454.8
4329.2
4738.4
4565.2
4242.0
4094.4
4477.2
4560.0
4306.0
4791.2
4538.4
4353.2
4429.2
4528.4
4350.4
4385.2
4455.2
4707.2
4185.6
4056.0
4147.2
4640.0
4505.2
4346.8
4618.8
4401.2
4633.6
4470.4
4557.2
4316.4
4590.4
4810.4
4505.6
4618.8
4560.4
4558.8
4586.8
4746.0
4440.8
4461.2
4298.8
4700.0
4528.0
4249.2
4054.0
4576.0
4563.2
4674.4
4601.6
4450.0
4569.2
4546.4
2664.8
4093.2
4625.6
4362.0
4190.0
4677.2
4244.8
4368.0
4542.4
4365.6
4473.2
4329.2
4942.0
4469.6
4655.2
