Scores in order of my_pop.txt 31
4715.6
4788.4
4730.0
4718.8
4708.8
4689.2
4840.4
4494.8
4566.0
4430.4
5053.2
4401.2
4800.0
4759.2
4560.8
4785.2
4462.8
4387.6
4748.4
4517.6
4328.8
4476.0
4572.8
4475.2
4435.2
4242.8
4599.2
3965.6
4810.4
4654.8
3671.6
4526.4
4092.4
4764.8
4603.6
4503.6
4644.4
4367.6
4178.8
4295.6
4561.6
4185.2
4539.2
4796.0
4605.2
4279.2
4534.0
4394.8
3834.4
3883.2
4409.6
4456.0
4394.8
4470.8
4700.0
3807.2
4751.2
4021.2
4544.0
4300.8
4309.2
4539.2
4665.6
4728.8
4772.4
4141.6
4379.6
4165.6
4184.4
4651.2
4070.4
4533.2
4520.0
5142.0
4124.4
4118.0
4612.4
4596.8
4422.4
4142.4
4215.6
4786.8
4681.2
4614.4
4538.4
4220.4
4655.6
4274.8
4519.6
4502.0
4646.4
4568.8
4613.6
4535.2
4662.4
4521.6
4488.4
4502.0
4750.0
4586.4
