Scores in order of my_pop.txt 5
4276.4
4183.2
4145.2
4309.2
4078.0
4201.2
4340.8
3626.4
3952.8
3952.8
3868.8
4354.4
3786.4
3254.0
2690.8
4460.8
3767.6
2474.4
3780.0
4057.6
4287.2
3700.8
2160.4
2959.6
2881.6
3732.4
2787.2
3621.6
3136.8
3746.0
2459.6
2166.4
3815.2
3756.4
1997.2
3948.0
3357.2
2802.8
2313.6
2783.6
3171.6
3796.8
3632.4
2714.8
4225.6
4007.2
2459.6
2746.8
2690.8
3732.4
3868.4
2563.2
3364.4
3854.4
3873.2
2511.6
3650.0
4506.4
3788.0
2355.2
3854.4
2526.0
3698.8
2460.4
3763.2
3667.2
3440.8
2284.4
3851.6
3821.6
3583.6
2690.8
4022.8
2152.0
3724.0
3756.4
3656.0
3787.2
2648.8
2459.6
3961.2
3746.0
2453.2
3772.0
3286.8
4046.0
2704.0
3171.6
2459.6
3820.4
3250.8
3550.4
3854.4
3912.0
3171.6
3888.8
3877.2
4192.8
3918.4
3156.8
