Scores in order of my_pop.txt 49
4921.6
5011.2
4966.8
4706.0
4902.4
5001.6
5205.2
4703.2
4656.0
4971.2
4572.8
4567.6
4250.8
4444.0
4374.8
4437.6
4760.4
4318.0
4222.0
4725.6
4091.2
4879.6
2806.8
4864.0
4580.8
4748.0
3718.0
4970.0
4978.0
4876.0
4783.6
4172.4
4561.2
4932.0
5001.6
2270.0
4776.8
4544.8
4652.0
3994.8
4406.0
4740.4
4080.4
4688.0
4358.8
4470.8
4353.2
4783.2
4110.4
4734.4
5006.4
4773.2
4758.8
4698.0
4175.2
4111.2
4367.2
4317.6
4245.2
4185.2
4218.8
4734.0
4624.8
4749.6
4976.4
4232.8
4172.0
4820.0
4206.4
5010.0
4100.4
4000.4
4796.4
4624.8
4606.4
4674.4
4820.0
4206.0
4569.2
2626.0
4180.4
4093.2
4621.6
4304.4
4191.6
4644.0
4042.4
4876.4
4766.0
3638.0
4709.2
4846.0
4870.0
4317.6
3122.8
4418.0
5003.6
4718.8
4646.0
4422.4
