Scores in order of my_pop.txt 84
4841.6
4832.0
4832.0
4881.2
4743.6
4674.4
4674.4
4677.6
4677.6
4954.8
4314.0
4758.8
5020.4
4935.6
4305.6
4931.6
4842.8
4880.4
4935.6
5022.8
4971.2
4760.4
4920.4
4856.0
4828.0
5018.8
4955.6
4766.0
4852.8
4743.6
4918.4
4601.2
4879.2
4650.0
4681.2
4799.2
4769.6
5067.6
4133.2
5078.8
4982.4
4992.4
4674.4
4681.2
4733.6
4666.4
4897.2
3976.8
3903.2
4928.4
4706.4
4182.4
5026.8
4918.4
4699.6
4920.4
5065.2
4045.2
5061.6
4883.6
5020.4
3896.8
5018.8
5078.0
5026.8
4743.6
4055.6
5016.4
4819.6
5074.4
5028.8
3529.6
4722.0
4872.8
4424.0
5029.2
4258.0
4164.4
5016.4
4890.0
4086.0
4096.4
5065.2
4935.2
4236.8
4234.0
4469.2
4986.4
4792.0
4072.8
5022.8
5069.2
4710.0
4820.4
5228.8
4814.0
5078.8
4944.4
4802.4
4776.8
