Scores in order of my_pop.txt 48
4728.4
4763.2
5004.0
4680.8
4739.2
4756.0
4990.0
4759.6
4609.2
4738.0
3472.8
3903.6
4144.4
4704.4
4250.4
4750.0
4528.8
3928.8
4023.6
4646.0
4770.4
3456.0
4576.4
4535.2
4492.0
4056.0
4302.8
4772.8
4229.2
4683.2
5050.8
4220.4
4566.8
4711.6
4677.2
4735.6
4405.2
4297.2
4356.4
4467.6
4718.0
4202.0
4739.2
4422.8
4510.8
4478.0
4831.6
4571.6
2849.6
4715.2
4504.8
4618.4
4544.0
4790.4
4938.0
3696.8
4046.0
3897.6
2233.2
4225.6
4533.2
4705.6
4769.2
4516.8
4449.6
4820.4
4351.6
4805.2
4897.2
4390.8
4586.4
4664.4
4560.0
4172.8
4342.0
3987.6
3324.0
4206.8
4113.6
4330.0
4150.0
4817.2
4650.4
4067.2
4158.0
4240.4
4327.2
4736.0
4921.6
4863.2
4513.2
4688.4
4361.2
4268.8
4194.8
4244.4
4708.0
4668.4
4550.0
4615.2
