Scores in order of my_pop.txt 79
5125.6
4909.6
4934.8
4990.0
4701.6
4701.6
4845.2
4734.4
4752.0
4768.4
4618.4
2625.6
4846.8
4690.0
4914.4
4612.0
4627.6
4844.4
4550.8
4721.2
4394.4
5126.0
3886.4
4721.2
4980.0
4692.8
4768.0
4752.0
4815.2
4044.8
4925.6
4955.6
4861.2
4798.4
4729.6
4882.0
4693.2
4662.4
4815.2
4736.8
4882.4
4752.0
4807.2
4463.2
4782.0
5074.8
4812.0
4636.0
4701.6
4934.8
4813.6
4962.4
4871.6
4846.8
4886.0
4928.4
4518.0
4734.4
4816.4
4790.0
4814.8
4063.2
4650.8
4972.0
4439.2
4823.6
4843.2
4949.6
3136.4
4840.4
4846.8
4141.2
4742.8
4797.2
4708.8
4931.6
4845.2
4771.6
4456.4
4782.8
3865.6
4962.4
4846.8
4701.6
4875.6
4807.2
4844.4
4900.0
4568.0
4344.8
4316.0
4928.8
4701.6
5030.0
5074.8
4285.6
5126.0
4816.4
4610.0
5125.2
