Scores in order of my_pop.txt 25
4513.6
4386.4
4218.8
4663.2
4340.0
4675.6
4566.8
4352.0
4262.0
4562.0
4175.6
4314.8
4140.0
4472.0
4223.6
4152.0
4436.0
4288.4
4261.6
4430.4
4593.2
4365.6
4412.0
4684.8
4127.6
4156.8
3225.6
4245.6
4604.8
4472.0
4363.2
4320.8
4488.4
4316.0
4663.2
4450.0
4073.6
2490.4
4295.2
4188.0
4734.4
4107.6
3661.6
4798.0
4484.8
4333.2
4380.8
4404.4
4154.4
4390.0
4445.2
3950.4
4390.0
4198.8
3936.4
4029.6
4249.6
3989.6
4392.4
4353.2
4427.6
4109.6
4151.6
4458.0
3311.6
4330.0
4136.8
4253.2
4116.0
4336.0
4367.2
4493.6
4334.4
4440.0
4530.4
4072.8
4516.4
3869.2
4577.6
4301.2
4059.6
2490.4
4333.2
4426.8
3718.8
4352.4
4000.8
4241.2
4463.6
4580.8
4267.2
4108.4
4178.4
4456.4
4257.2
4102.8
4446.8
4176.0
4350.0
4409.2
