Scores in order of my_pop.txt 41
5016.8
4955.6
4974.4
4760.4
4934.4
5100.4
4692.8
4844.0
4782.8
4962.0
4576.8
4977.6
4910.8
4682.4
4364.0
4584.4
4870.8
4106.8
3622.8
4452.8
4992.4
4107.6
4673.6
4992.4
5092.4
4793.6
4624.0
4982.8
4348.8
5059.2
4884.4
4005.6
3085.6
4804.4
4910.4
3681.6
2218.0
4668.0
4765.6
5116.8
4695.6
4554.0
4863.6
4485.2
4536.4
4528.8
4100.4
4146.0
4724.8
4858.0
4511.2
4744.0
4146.8
4548.0
4909.2
3068.0
4648.0
4545.6
4484.0
4360.0
4412.0
4982.0
5166.0
3396.4
3826.0
4494.4
4356.0
4832.0
4648.8
5296.0
5021.6
4204.8
4371.6
5007.6
4568.0
4085.6
4210.4
4424.0
4446.8
4618.0
4751.2
4049.2
4667.2
4875.6
4660.8
5104.4
4612.0
4595.2
4769.6
4252.0
4582.8
4940.0
3936.0
4350.4
5026.0
4847.2
4379.2
4246.4
2763.6
4116.4
