Scores in order of my_pop.txt 28
4638.0
4526.0
4568.8
4428.0
4543.2
4488.0
4520.4
4539.2
4592.4
4856.4
4646.8
4604.8
4510.8
4710.0
4546.8
3802.4
4316.4
3126.8
4460.8
4765.2
4460.8
4715.2
4392.4
4385.2
4466.4
4286.0
4579.6
4094.4
4698.0
4300.0
4618.4
4483.6
3916.4
4006.0
4435.2
3959.6
4590.0
4572.8
4267.6
4492.4
4278.4
4506.0
4576.0
4618.8
4606.0
4276.0
4326.0
4238.8
4612.8
3660.0
4041.6
4659.2
4650.8
4172.0
4712.0
4666.4
2874.0
4221.2
4469.2
3756.0
4169.6
4602.4
4408.0
4526.0
4324.8
4250.0
4298.4
4274.8
4554.0
4498.8
4424.8
4588.4
4227.2
4107.6
4130.4
4722.0
4467.2
4389.6
4519.6
4684.4
4713.6
4396.0
4347.6
4751.6
4400.0
4162.0
4542.0
4005.2
4558.8
4246.8
4135.6
4606.4
4428.8
4447.2
4372.4
4112.8
4167.2
4351.2
4701.6
4114.4
