Scores in order of my_pop.txt 70
5006.0
4946.0
4904.8
4943.6
4943.6
4943.6
4943.6
4943.6
4943.6
4943.6
5054.4
4604.0
4914.8
4678.8
4084.0
4856.4
4912.0
4884.4
4606.4
4792.8
4975.2
4639.6
4961.2
4878.8
4130.4
4692.8
5025.2
5168.0
4943.6
4933.6
4568.4
4904.0
5205.6
4758.4
3706.0
4673.6
4981.6
2492.8
4773.6
4096.4
4707.2
4915.2
4115.6
4792.8
4258.0
4965.6
4946.0
4968.8
3934.4
3638.8
4958.4
4766.0
4934.0
4918.8
5432.8
4766.4
4975.2
4840.4
4821.6
5268.8
4930.4
4781.2
5042.4
4956.0
5126.4
4943.6
4067.2
4739.2
3930.8
4943.6
4277.2
5030.4
4575.6
4566.4
4851.6
4131.6
4132.8
4766.4
4878.4
4943.6
4818.8
4920.0
4200.4
4946.0
4571.2
4991.2
2900.4
4946.4
4147.2
4162.4
4943.6
5032.0
5088.8
4873.6
5054.0
4921.2
4639.6
4591.2
3921.6
2492.8
