Scores in order of my_pop.txt 81
5017.6
4794.8
4991.6
4862.0
4937.2
4928.8
5006.0
5006.0
5006.0
5006.0
4952.8
4603.6
4992.4
4932.4
4603.2
4962.0
4240.4
5000.0
5036.8
4526.0
4163.2
4928.8
4289.6
4818.0
2826.0
4096.4
4590.4
5040.4
5104.8
4004.0
4903.2
5006.0
4924.8
4822.8
4110.8
5006.0
4820.4
4918.8
4776.8
5017.6
4162.8
4604.8
4818.4
4679.2
4913.6
3858.0
5038.0
4495.2
5006.0
5033.2
5158.8
5004.8
5006.0
5006.0
4898.0
3934.8
5215.2
5006.0
5033.2
4724.8
4990.0
4610.0
5103.6
4226.8
4153.2
4877.6
4945.2
5168.4
4809.6
4794.8
4132.0
4824.0
4643.2
4874.4
4981.6
4677.2
4597.6
4960.4
3806.0
5215.6
4757.6
3614.8
5033.6
4868.0
4845.6
4777.2
4191.6
5006.0
4936.4
5175.2
4849.6
4886.8
5029.2
5038.0
4610.4
4808.4
4603.2
4903.6
4767.2
4026.0
