Scores in order of my_pop.txt 57
5062.4
4730.0
4965.2
4778.4
4911.6
5124.8
5002.0
5124.8
5133.2
5120.0
5048.0
4934.8
4352.0
5123.6
4895.6
5016.0
4157.2
4867.2
3866.0
4905.6
4980.0
4669.2
4943.6
4807.2
4647.2
4430.4
4746.0
4152.0
5124.8
4758.8
4851.2
4248.4
5019.2
4979.6
4632.4
3870.8
4661.6
4644.8
4530.0
4992.8
2483.6
4822.0
4210.8
4766.8
4861.2
4947.2
4962.0
5066.0
4760.0
4982.8
4891.2
3572.8
4860.0
4623.2
4936.0
4220.0
4911.6
4793.6
4552.4
2692.4
4248.8
4979.2
4881.6
4527.6
4737.2
4145.2
3979.6
4892.4
4936.0
4910.0
4048.8
4037.2
3907.2
4976.0
4397.2
4911.6
4825.2
3156.4
3909.2
5092.4
4904.8
4415.2
4753.2
4022.4
4598.8
4811.2
4736.4
5171.6
4505.2
4740.4
4751.2
2866.8
4384.8
4752.8
4904.8
4138.8
4602.4
4463.6
4115.6
4953.2
