Scores in order of my_pop.txt 4
4114.8
4200.4
4321.6
3710.0
3721.6
3711.6
3711.6
3965.2
3890.0
3804.0
3809.6
4138.4
2714.0
2375.6
2856.8
2714.0
2705.6
2586.4
3032.0
2705.6
2807.2
2705.6
2992.0
3711.6
4109.2
2705.6
4244.4
2224.4
2705.6
2880.4
2714.0
3755.6
2714.0
3468.0
2224.8
2705.6
1825.2
3884.8
2224.0
2158.4
2705.6
3751.2
3874.8
2714.0
2714.0
2901.2
2697.6
2798.8
3236.0
2655.6
4053.2
3710.0
3676.0
2880.4
3760.8
2705.6
2620.8
2705.6
2714.0
2436.4
3284.0
3748.4
3786.8
2679.6
2705.6
3702.8
3731.2
3848.8
3506.0
3159.6
2714.0
3890.0
3711.6
2697.6
2714.0
2705.6
2714.0
2705.6
3731.2
3841.6
2224.4
3692.8
2714.0
2874.8
2714.0
2237.2
2664.8
2224.4
3762.4
2714.0
2226.0
3236.0
2224.4
3822.8
2791.2
2308.8
2449.2
3675.6
2224.4
2771.2
