Scores in order of my_pop.txt 45
4830.8
5062.4
4886.4
4888.0
4715.2
4705.2
4840.4
4729.2
4892.4
4658.0
4346.8
4488.8
4646.8
4358.0
4450.4
4410.8
4897.2
3102.4
4622.0
4978.8
5008.8
4554.4
4541.6
4560.8
4772.0
4418.0
4634.8
4723.2
4438.4
4666.8
4322.8
4782.4
4877.2
4817.2
4724.4
4536.8
4086.4
4759.6
4495.2
4997.6
4634.0
3934.0
4578.4
4740.4
2574.8
4713.6
4051.2
4310.8
2348.0
4723.2
4236.4
2584.4
4961.2
4979.6
4310.4
4729.2
4684.0
2830.4
4700.0
4206.0
4238.4
4217.6
4268.0
4490.4
4062.8
4083.2
4565.2
4996.4
4011.2
4155.2
4760.4
4999.6
4463.2
4132.0
4419.6
4255.6
4446.8
4250.4
4194.8
3995.6
4931.6
4705.2
4230.0
4178.8
4140.0
2363.2
4439.6
4213.2
4604.8
4200.8
4633.6
4892.8
4053.6
4282.8
3923.6
3220.4
4420.8
2830.4
4153.6
4480.0
