Scores in order of my_pop.txt 10
4248.4
4203.2
4568.0
4545.2
4480.4
4553.6
4373.6
4373.6
4090.8
4457.6
4256.0
4332.4
4008.0
3798.4
4233.6
3133.2
4559.6
4292.4
4367.6
4214.4
3085.2
4301.2
3878.4
4026.0
4236.8
3942.4
4035.6
4466.8
4372.0
4050.4
4262.0
4231.2
3562.4
4437.6
4448.4
4257.6
4486.0
4123.2
4014.8
4074.8
4247.2
4391.6
4302.8
3784.4
4190.0
4152.4
4208.4
4040.0
4160.8
4210.0
4105.6
4400.8
3494.8
4567.2
4413.6
4281.2
4239.6
3855.6
4390.8
3732.0
4196.0
4344.0
4454.0
4209.6
4171.2
3913.2
4105.2
4519.2
2625.2
4429.6
2550.0
4050.0
3790.4
4012.8
4563.2
4159.6
4369.2
4464.4
3684.0
4279.6
4716.0
4454.4
3986.8
4419.2
4264.8
4286.4
4210.4
2716.0
2843.2
4452.4
4010.8
4416.4
4368.4
4622.8
3103.2
3617.2
4215.2
4274.0
4237.2
4461.6
