Scores in order of my_pop.txt 65
4926.0
4841.6
4653.6
4880.8
4748.4
4818.0
4900.8
5056.4
4744.0
4763.6
4744.0
4942.4
4098.0
4690.4
4221.2
5112.8
4904.0
4697.6
4867.6
4860.8
4691.6
4270.4
4409.6
4234.8
4754.0
3968.8
4258.8
4748.4
4860.8
5032.4
4070.8
4279.2
4213.2
4256.4
4724.4
4702.4
5097.6
4542.4
4964.4
5208.4
4086.4
5178.4
4839.2
4756.0
4763.6
5150.8
5070.4
4422.4
4831.2
4121.2
4834.0
4801.6
4653.6
4848.0
4635.2
2587.6
4052.0
4258.0
3936.8
4989.2
4777.2
4055.2
4360.8
4074.8
2620.0
4898.8
5024.0
4970.8
5117.6
4416.4
4202.8
4814.0
4732.0
4278.8
4856.0
4835.2
4856.0
4178.0
4834.8
5100.4
4860.8
4258.0
4624.0
4763.6
5106.0
5009.2
4865.2
4129.2
4874.4
4952.8
4830.4
4875.2
4980.0
2587.6
5111.2
4402.8
4915.2
4748.4
4666.8
4736.0
