Scores in order of my_pop.txt 90
4750.8
4742.0
5029.6
5029.6
5029.6
5029.6
5029.6
5029.6
5029.6
5029.6
4700.4
4820.8
4986.0
4883.6
4636.8
5028.8
5029.6
4885.6
5100.8
5029.6
4948.4
4119.6
5019.6
5029.6
4950.0
4397.6
5034.8
4777.6
4830.8
5019.6
4708.0
4742.0
5029.6
4776.4
5029.6
3026.8
4298.0
5029.6
5034.8
4612.8
4564.8
4730.4
4980.4
4515.2
4584.8
4992.4
4788.0
4955.6
5029.6
4830.8
4038.0
4894.0
5029.6
4809.6
4830.8
5010.0
5019.6
4821.2
4753.2
4889.2
4014.8
5000.0
4262.4
4242.0
4883.6
5034.8
5019.6
5100.8
4958.0
4631.6
3009.6
5056.0
4809.6
5029.6
4841.6
4490.0
3864.4
3841.6
5029.6
4027.2
4957.6
4631.6
4850.4
4804.4
4894.0
4666.8
4085.6
4996.8
4777.6
5019.6
3608.8
5029.6
4698.0
4795.2
5108.0
5029.6
4225.2
5029.6
4777.6
5029.6
