Scores in order of my_pop.txt 61
5226.8
4980.4
4898.0
5310.0
4770.4
5065.2
4744.0
4797.6
5056.4
4766.8
4641.6
4869.6
4838.0
4754.0
4801.2
4088.8
4851.6
4708.8
4991.2
5154.8
4963.2
4333.2
4033.6
4638.4
4974.4
4869.6
4254.0
4608.4
4923.2
4754.8
5172.8
4694.4
4091.2
4738.4
4882.4
4855.2
4284.8
4650.8
4689.6
4912.0
4892.0
4828.0
4578.0
4608.8
4908.8
4630.0
4281.6
5019.6
4962.4
4638.4
4795.2
4220.0
4939.6
5107.2
4941.6
4748.0
4916.8
2513.6
4058.8
5117.2
4143.6
4774.0
4384.4
4144.0
5046.4
4810.0
4504.8
4263.2
4410.8
5132.8
5107.2
4869.6
4861.6
4186.4
4801.2
4203.6
4464.0
4918.8
4708.8
5026.8
3969.6
4802.8
4249.2
5089.2
4954.8
4283.6
4757.2
4801.2
5168.0
4636.8
4891.2
5086.8
5099.2
4875.6
4405.2
5121.6
4505.6
5071.2
4964.8
4787.2
