Scores in order of my_pop.txt 15
4392.4
4519.6
4645.6
4616.8
4456.4
4564.8
4564.8
4473.2
4514.4
4306.4
4554.4
4206.8
4290.4
4604.8
4618.0
4353.6
4315.6
4294.4
4112.4
2668.4
4309.2
4044.0
4270.0
4556.8
4571.2
4601.6
4333.2
3996.4
4536.8
4129.2
4403.6
4636.8
3978.8
4010.8
4467.6
4469.2
4378.8
4492.8
4485.2
4184.4
4290.8
4485.2
2868.8
4151.6
3958.0
4455.6
4104.8
4646.8
4006.0
4639.2
4626.4
4432.8
4152.4
4290.4
4726.4
4584.8
4578.8
4469.2
4474.0
4238.0
3172.0
4475.6
4424.8
4025.2
4098.4
4155.6
4176.4
4445.2
4438.0
2668.4
4091.2
4524.8
4310.8
3554.8
4511.6
4455.2
4424.8
4425.2
4046.4
4563.6
3965.6
4525.6
3717.2
3332.0
4411.6
4131.2
4516.0
4479.2
4051.2
4637.2
4261.2
4379.2
4643.2
4538.4
4398.8
3045.2
3918.8
3054.0
4380.0
2668.4
