Scores in order of my_pop.txt 56
4806.4
4784.0
4792.4
4695.6
4810.8
4852.4
5108.8
4788.0
4788.0
5018.8
4200.4
4646.0
4052.8
5026.0
4592.0
4797.2
4836.4
5069.6
4104.8
4569.2
4692.4
4192.8
4946.0
5108.0
4112.8
5050.8
4694.8
4171.2
4856.4
4842.8
4682.8
5046.4
4790.8
4165.2
2280.8
3910.0
4818.8
4631.6
4984.8
4672.0
5019.6
4748.4
4649.2
4220.8
4589.2
4799.2
4529.2
4769.6
5027.6
4707.2
5087.6
3997.6
4490.0
4729.2
4892.8
4719.6
4178.0
4781.2
4754.8
4896.8
4916.4
4217.2
4829.2
4439.6
4085.6
4320.8
4510.8
4784.0
4092.4
4136.0
4071.6
4817.6
4432.0
2832.8
4863.6
4890.4
4269.2
4664.0
4602.4
3710.8
4678.0
4820.8
4148.4
4700.4
4517.6
4220.4
4779.6
4541.2
4250.0
4814.8
4577.6
4688.8
4671.6
4713.2
4722.0
4403.6
4781.2
4647.2
4872.0
4512.0
