Scores in order of my_pop.txt 97
4741.6
4741.6
4741.6
4794.0
4780.4
4780.4
4780.4
4780.4
4780.4
4780.4
4780.4
5006.8
5118.8
4801.2
5059.2
4750.4
4982.4
4780.4
4842.4
4938.8
5006.8
4748.0
4450.4
4814.0
4686.8
4780.4
5073.6
4686.8
4702.0
4780.4
4919.6
4750.4
5042.8
5006.8
4686.8
4764.4
4764.0
4750.4
4794.0
4801.2
4750.4
4748.0
4832.8
5020.4
5006.8
4750.4
4801.2
4281.6
5118.8
5006.8
4741.6
5048.8
4756.8
4686.8
5039.6
4152.0
4750.4
4750.4
4750.4
4782.8
4666.0
1950.8
4667.6
4750.4
5068.8
4750.4
4750.4
4780.4
4944.0
4780.4
4876.0
4780.4
3198.8
4811.2
4631.2
4750.4
5006.8
4750.4
4764.0
4801.2
5009.6
4128.8
5006.8
4780.4
4686.8
4486.8
5104.0
4686.8
4686.8
5006.8
5006.8
5006.8
5118.8
4219.6
4750.4
4794.0
5006.8
5006.8
5132.0
4350.4
