Scores in order of my_pop.txt 60
5052.0
4904.4
5012.8
4901.6
4860.8
4905.6
5241.2
4786.4
4874.0
4928.0
5024.4
5188.8
4290.8
4244.8
4978.8
4820.4
4380.8
4904.8
5111.6
5222.8
2886.8
4821.2
4674.0
3866.4
4711.6
4810.0
4300.4
4051.6
4905.6
4590.4
4930.8
4042.0
3809.6
4978.8
4762.4
5041.2
4796.0
4600.0
4798.0
4968.4
4722.8
5022.0
4840.0
4822.8
4744.4
4778.0
4639.2
4721.2
4144.0
4617.2
4915.2
4315.6
4808.4
4767.6
5096.4
3891.6
4834.8
4762.4
4155.6
4978.0
4941.6
3799.6
4751.6
5069.2
4858.8
4992.8
4366.0
3189.2
4520.8
4129.2
4696.0
4025.2
4628.0
4901.6
5049.2
4888.8
4602.0
4860.8
5120.0
4153.2
4569.2
4973.2
4142.0
4650.0
4916.4
4309.6
5042.4
4127.6
4792.0
4421.2
5068.8
4904.4
4817.2
5219.6
5029.2
4991.6
2954.8
3276.8
4218.8
4214.0
