Scores in order of my_pop.txt 86
4886.0
5010.4
4981.6
4981.6
4981.6
4981.6
4884.0
4884.0
4997.6
4770.8
4296.0
4692.0
4828.0
4753.6
4707.2
4707.2
4761.6
3957.6
4738.8
4332.8
4738.8
4670.0
4948.0
4729.6
4122.8
4707.2
5010.4
4675.2
4898.0
4763.2
4981.6
4770.8
4749.2
4981.6
4670.0
4802.4
4726.0
4445.2
4754.0
4692.0
4715.6
4828.0
4770.8
4930.0
4692.0
5010.4
4132.8
4814.0
4738.8
4754.0
3050.8
4099.6
4692.0
4997.6
4750.8
4675.2
4707.2
4670.0
4082.0
4587.6
4884.0
4468.8
4670.0
4730.0
4828.0
4627.6
4828.0
4715.6
4715.6
4820.8
4692.0
4997.6
4340.8
4752.8
4454.0
2148.8
4754.0
3570.8
4707.2
5000.8
4738.8
4997.6
5180.0
4252.4
4708.4
4753.6
4165.2
4884.0
4816.0
4820.8
4707.2
4981.6
4770.8
4754.0
4776.0
4981.6
4670.0
4670.0
4828.0
4715.6
