Scores in order of my_pop.txt 69
5056.0
5064.8
5049.2
5064.8
5064.8
4979.2
5049.2
5049.2
4971.6
5087.6
4372.0
4246.4
4707.6
4732.0
5087.6
5049.2
4866.4
4734.0
5064.8
2484.8
5013.2
5064.8
4878.4
4807.2
4660.0
4350.8
4925.2
4773.6
5040.0
4833.2
5011.6
4981.6
4828.0
4935.2
4393.6
4714.4
4844.0
4711.6
5084.0
4624.4
5033.2
4941.6
5087.6
4665.6
5020.0
4627.2
4809.6
4946.0
4355.2
5097.2
5040.4
4972.4
4653.6
3748.0
5072.0
5059.6
4918.0
4270.4
4090.4
3402.4
5181.2
5008.0
4976.4
4148.4
4910.8
5087.6
5087.6
4928.8
4090.8
5005.2
5040.0
5010.8
4830.8
4973.6
4999.2
4153.6
4862.0
4064.4
4142.0
5012.8
5123.6
4777.2
4165.2
4516.8
4496.4
3917.6
4464.8
4039.2
4436.8
5058.8
4645.2
5087.6
5125.6
5049.2
4809.2
3923.6
4156.4
5000.0
5067.2
4929.6
