Scores in order of my_pop.txt 3
4279.6
4322.4
3698.4
3766.8
3744.0
3784.8
3856.4
3106.8
3063.6
2841.6
1892.0
2968.8
2483.6
3731.6
2160.8
1983.2
3836.0
2466.8
2808.8
3697.6
2466.8
2466.8
3881.2
2466.8
2160.8
2581.6
2739.6
2466.8
2466.8
3856.4
1917.6
3636.0
2646.0
2466.8
2772.0
2483.6
2466.8
2483.6
2466.8
2466.8
2866.0
2466.8
2466.8
3980.4
2466.8
2466.8
2483.6
2466.8
2358.0
1900.8
2866.0
2466.8
2466.8
2466.8
2466.8
2968.8
2466.8
2466.8
2160.8
2784.8
2466.8
2129.2
2483.6
2160.8
2466.8
2466.8
2466.8
1720.8
2129.2
2902.0
2466.8
2658.0
2129.2
3001.2
2129.2
2483.6
2466.8
2466.8
2483.6
2144.4
3933.6
3562.4
2160.8
2166.8
2255.2
2581.6
2483.6
2483.6
2466.8
2160.8
2466.8
2160.8
2466.8
2311.6
2466.8
2466.8
2466.8
2466.8
2466.8
2425.6
