Scores in order of my_pop.txt 47
4841.2
4956.4
4840.0
4802.4
4944.0
4957.2
4931.6
4653.6
4673.2
4840.8
3883.6
4882.8
4813.6
4768.4
3970.4
4348.0
3990.0
4704.0
4757.6
4990.4
4745.2
4612.8
2982.0
4109.6
4728.0
4506.8
4985.2
4441.6
4153.2
4820.8
4106.8
4151.2
4798.4
4979.6
4106.4
2732.0
4061.6
2458.8
4484.0
4513.6
4455.2
4020.8
4036.8
4746.4
4336.4
4232.4
4184.8
4488.4
4518.8
4197.2
4740.0
4917.2
4476.0
4760.4
4299.2
4843.6
4187.6
4201.2
4706.8
4859.6
4553.2
4716.4
2014.8
4608.4
5057.2
4848.8
4310.0
4868.4
4436.4
5167.6
4706.0
4142.8
4632.0
4134.4
4431.2
4123.6
4217.6
4858.4
4023.6
4176.0
4170.8
4973.6
4478.4
4845.2
4981.6
4218.4
3518.4
4150.4
4896.0
4306.4
4162.8
4126.8
4225.6
4816.8
4420.4
4642.8
4760.4
4914.8
4608.8
4161.6
