Scores in order of my_pop.txt 82
5092.4
5169.2
5273.6
5274.0
4859.6
4978.0
5339.2
4980.8
4980.8
4980.8
5177.2
5011.6
4980.0
4980.0
4898.0
4980.8
4869.2
4796.8
5092.4
4564.4
4975.6
5007.2
4437.2
5203.6
4850.0
4909.2
4993.6
5199.2
5033.2
4976.4
5010.4
5038.0
4966.0
4537.6
3625.6
4980.8
4980.8
4547.2
4995.2
5339.2
5095.6
5256.8
4970.0
4135.2
4980.8
4980.8
4440.0
5063.6
5203.6
4117.2
4980.8
5161.2
5175.6
5012.4
4755.2
4980.8
5186.8
5095.6
5203.6
4798.0
4247.2
4980.8
5325.2
4975.6
5168.8
4742.8
5012.4
3704.0
3580.4
4457.2
4980.8
5169.2
4356.8
4962.8
4809.2
4443.2
4302.4
5188.0
4750.4
4430.0
4606.4
4993.6
4971.6
4980.8
5134.8
4104.0
3993.2
5310.8
4120.0
5004.4
4980.8
4362.0
4934.8
5033.2
5046.0
4876.8
5118.0
4141.2
4980.8
4127.2
