Scores in order of my_pop.txt 40
4998.8
5015.2
4741.6
4819.6
5147.6
4858.0
4944.4
4895.2
4810.0
4728.8
4119.6
4095.2
4736.4
3988.4
4119.6
3902.8
4157.2
4735.2
4842.0
4391.2
4578.4
4689.2
3625.2
4775.6
4235.6
4752.8
4514.0
3628.8
4366.8
4147.6
4522.4
3762.4
4759.6
4528.8
4804.4
4810.4
4569.2
4540.8
4636.8
4745.2
4822.0
4662.0
4488.4
4764.8
4630.4
4182.4
4535.2
4717.2
4983.2
4624.4
4474.8
4985.6
4359.2
3765.6
4906.4
4849.6
4759.2
4433.2
4342.0
4045.6
4192.0
1981.2
4822.8
4629.6
4588.4
4878.0
4867.6
4653.6
4075.2
4429.6
4630.0
4180.0
4760.8
4428.8
4863.2
4426.4
4961.2
4781.6
4726.0
4505.2
4653.6
4739.6
4969.2
4412.8
4744.0
4150.4
4622.0
4599.2
4495.6
4481.6
4422.8
4452.4
3846.4
4838.8
4792.0
3888.0
4587.6
4642.0
4516.0
4497.6
