Scores in order of my_pop.txt 63
4913.2
4913.2
5030.0
5010.0
4798.4
4748.4
4647.6
4676.8
4744.8
4779.6
4782.4
4779.2
4321.6
4572.0
4692.8
3972.8
4753.6
4762.4
4809.2
5073.6
4955.6
4407.2
3884.4
4747.2
4723.6
4385.6
4825.2
4702.8
3908.8
4931.2
4124.4
4738.8
4759.6
4287.2
4766.4
4029.2
4675.6
4765.6
4647.6
4745.2
4494.8
4845.6
4772.8
5010.0
4476.8
4913.2
4765.2
4629.6
4885.2
4773.6
4726.4
4810.0
4294.0
4755.6
4785.2
4160.0
4148.4
4276.8
4758.4
5040.0
4699.6
4647.6
2874.8
4676.8
4187.2
4388.0
4247.2
4809.2
4928.4
4417.2
4683.2
4786.4
4798.8
4083.6
4568.0
4913.2
4703.2
4758.8
4103.6
4325.2
4716.0
4630.8
4683.2
3839.6
4914.4
4755.2
4219.2
4032.0
4193.2
4955.6
4734.8
4724.4
4700.0
4913.2
4697.2
3984.8
4731.6
4802.0
5008.8
4942.4
