Scores in order of my_pop.txt 51
4812.8
4900.4
4982.0
4937.6
4952.8
4920.4
4858.4
4939.2
4781.2
4837.2
4773.6
4308.0
4656.4
4531.2
4837.2
4940.4
4393.6
4751.6
4969.2
5105.2
3983.6
4542.0
4952.8
4317.6
2550.8
4328.4
4764.8
4130.8
4744.4
4967.2
4978.0
4976.8
4528.4
4633.2
4589.6
4764.8
4521.6
4835.6
4658.0
4071.2
4049.2
4665.2
4400.4
4937.6
4474.4
4887.6
5037.2
4667.6
4871.2
4895.6
4798.0
4881.6
4620.0
4460.4
5023.2
4844.4
4113.6
4607.6
4842.4
4613.6
4871.2
4215.2
3958.4
4989.2
4736.4
4330.4
4696.8
4864.0
4718.0
4986.4
4666.4
4348.0
3797.2
4920.4
4712.4
4895.6
4572.8
4390.0
4861.2
4594.0
4814.0
4598.4
4652.8
4480.0
3292.4
4731.2
4292.8
4494.0
4402.4
4274.0
3463.6
4734.8
4820.4
4777.6
4553.2
4180.8
4878.8
4887.2
4268.4
4967.2
