Scores in order of my_pop.txt 89
5048.0
4838.4
4990.8
4992.4
4992.4
4969.2
4969.2
4969.2
4969.2
4887.2
4190.8
4644.0
5004.4
5296.0
5219.2
5205.2
4729.6
4969.2
4696.8
4295.6
5178.8
4296.8
4723.2
4696.8
5205.2
4971.2
4170.8
4178.8
4816.8
3978.4
4696.8
4692.8
4262.4
4977.6
5193.2
2853.6
4969.2
4838.4
5205.2
5159.6
4696.8
4696.8
5163.2
5205.2
4972.4
4737.6
5088.0
4348.8
4764.0
4966.4
4866.0
5205.2
5054.4
4869.6
4523.6
5088.0
4888.8
4626.8
3767.2
4969.2
5044.8
4271.6
4673.2
5048.0
4840.8
5054.4
5205.2
4966.4
4342.8
4563.2
4905.2
5048.0
4903.6
5193.2
5201.2
4696.8
5160.0
4424.0
4696.8
4696.8
4538.4
4696.4
5205.2
4135.2
5060.0
5085.2
4444.4
4155.2
4696.4
4281.6
5205.2
4737.6
4696.8
4290.0
5075.6
4657.6
5024.4
4992.4
4991.6
4992.4
