Scores in order of my_pop.txt 71
4675.6
4898.4
5085.6
5041.2
4758.4
5097.6
4739.6
5211.6
4739.6
5089.2
4969.2
4857.2
4998.4
5011.6
4845.6
4675.6
4780.4
4901.2
4874.0
5001.2
4894.8
4786.4
4939.6
4943.2
4686.0
4298.4
4739.2
4998.4
4110.0
4702.4
4568.0
4998.4
4998.4
4961.6
4472.0
4404.0
5041.2
4976.8
4990.0
5001.2
4353.6
4998.4
4985.6
5097.6
3955.2
4815.2
5019.2
4993.6
4724.0
4852.4
4758.4
4968.0
4430.4
4521.6
2499.2
4969.6
4964.8
4327.2
4829.6
5097.6
4935.2
4770.4
4728.4
5052.0
3980.8
4998.4
2983.6
5001.2
4998.4
4994.0
5054.8
3744.0
4278.0
4998.4
4300.4
4992.0
4844.4
4336.4
4998.4
5085.6
4896.0
4042.0
4727.6
4758.4
4625.2
4240.8
4998.4
4499.6
2730.8
5147.2
4156.4
4230.4
3737.6
4948.0
4229.2
4969.6
5082.0
5085.6
4870.8
4923.6
