Scores in order of my_pop.txt 64
4867.2
4701.6
4867.2
4879.2
4879.2
4915.2
4869.6
4869.6
5065.2
5033.2
4862.8
4630.4
4811.6
4924.0
5255.6
5016.4
4822.4
5000.4
4891.6
3215.2
5071.2
4620.8
4821.6
4574.0
5116.8
4912.4
4791.6
4978.4
4129.2
4641.6
4868.0
4813.6
3884.8
4858.8
4598.8
4885.2
4761.6
3779.6
4882.4
4879.2
4767.6
4885.2
4738.0
4481.6
4394.0
4869.6
4689.6
4600.4
4344.0
4836.0
4993.6
4941.2
4891.6
4130.8
4897.2
4138.8
4885.2
4376.4
4812.4
4135.6
4700.0
4919.6
4142.8
4568.0
3783.2
4285.6
4816.0
5000.0
4996.0
4796.8
4938.0
4900.0
4777.6
4720.4
4833.6
4102.4
4815.2
4116.4
4152.8
4684.4
4260.0
4885.2
4644.0
4911.2
4186.0
4629.6
2671.6
4707.6
4932.0
2671.6
4841.6
4529.6
4635.2
4936.8
4497.2
4869.6
4110.0
4794.4
5055.2
4701.6
