Scores in order of my_pop.txt 92
4882.4
4998.8
4998.8
4998.8
4886.8
4882.8
4882.8
4866.0
4831.2
4689.6
4790.8
4851.2
4758.0
4790.8
4790.8
4998.8
4747.2
4640.0
4866.0
4809.6
4625.2
4666.4
4768.4
4567.2
4892.4
4522.0
4790.8
4790.8
4790.8
4925.2
4716.0
4790.8
4790.8
4636.8
4535.2
4790.8
4625.2
4806.4
4882.4
4192.0
4812.0
2508.4
4998.8
4809.6
4886.8
4648.0
4831.2
4825.2
4790.8
4882.8
4535.2
4805.6
4646.8
4882.8
4815.2
4790.8
3953.2
4277.2
4535.2
4790.8
4790.8
4297.2
4882.8
4462.4
4790.8
4886.8
4716.0
4086.0
4790.8
4812.8
3247.6
4529.2
4790.8
4491.2
4833.2
4998.8
4873.6
4831.2
4822.0
4144.0
4998.8
4998.8
4809.6
4423.6
4790.8
4874.4
4790.8
4768.0
4716.0
4707.6
4790.8
4689.6
4908.0
4886.8
4648.0
4231.6
4882.8
4704.8
4322.0
4565.6
