Scores in order of my_pop.txt 24
4475.6
4835.2
4482.4
4616.0
4496.8
4496.8
4744.8
4511.6
4374.8
4516.8
4170.0
4413.2
4411.6
4698.4
4580.4
4273.2
4295.6
4546.8
4274.8
4510.0
3767.2
4678.8
4506.8
4435.2
3991.2
3810.0
4388.8
4568.8
4362.0
4095.6
4270.4
4444.4
4336.4
4564.4
4432.0
4556.0
4751.2
4717.6
4664.4
3828.4
4423.6
4369.6
3823.2
4394.4
4149.2
4457.2
4455.2
4220.8
4423.6
4278.8
4301.6
4590.4
4428.8
4215.2
3844.8
4266.4
4185.2
4230.0
4474.8
4246.8
4257.2
4560.8
4543.2
4602.4
4534.8
2925.2
4034.4
4489.2
4434.8
4476.4
3189.2
4244.4
3836.0
4606.0
4100.8
4222.0
4396.0
4612.0
4290.0
4665.2
2594.0
4416.4
4032.8
4255.6
4631.6
4402.4
4327.6
4506.4
4149.2
4334.0
3432.0
4584.0
4540.4
4442.8
4356.0
4531.6
4339.6
4740.8
4401.6
4537.6
