Scores in order of my_pop.txt 17
4536.8
4477.6
4466.4
4124.8
4431.6
4411.2
4347.2
4633.2
4408.4
4386.0
4451.2
4295.2
4131.6
4313.6
4230.0
4536.0
4213.6
4506.8
4375.6
2748.4
4204.8
4171.6
4448.8
4305.2
4255.6
3719.2
4288.0
4374.4
3538.4
4135.2
2748.4
4373.2
4317.2
4135.6
3722.8
4434.8
4384.4
2829.6
4285.2
4512.8
4274.4
4494.8
4236.0
4460.8
4237.2
4414.8
3743.6
3266.4
3362.4
4247.6
2748.4
4246.4
4502.8
4220.0
4380.4
4445.2
4194.4
4402.0
3816.0
4311.6
4210.4
4020.0
4650.0
4076.0
4532.0
4616.8
4494.8
4142.4
4152.0
4542.8
4454.4
4242.0
4362.8
4472.4
4254.8
3456.8
4421.6
4266.0
4688.0
4440.0
4010.0
4158.8
2933.2
4277.6
4378.8
3558.0
4482.0
3988.4
3854.8
4213.2
4444.0
4320.8
4524.0
4483.2
4336.4
4107.6
4312.0
4533.6
4274.4
4232.4
