Scores in order of my_pop.txt 35
5038.0
4687.2
4832.4
4805.6
4591.6
4813.6
4948.8
4808.0
4761.2
4614.4
3951.2
4352.0
4626.0
3969.2
4434.8
4651.6
4781.6
4885.2
4630.0
4805.6
3990.8
4822.8
4585.2
4891.2
4660.4
4612.0
4434.8
4703.6
4389.2
4816.0
4514.8
4856.8
4821.2
4389.2
4570.8
4879.2
4758.8
4571.2
4125.2
4454.0
4302.4
4315.2
4834.4
4639.6
3652.4
4900.8
4849.2
4771.2
4578.0
4784.4
4486.4
4513.2
4726.4
4822.8
4540.8
4560.0
4514.0
4934.4
4402.8
4624.4
4557.2
4960.0
4364.8
4778.0
4008.8
4100.4
4206.0
4482.4
3152.0
4116.8
4457.2
4490.0
4866.4
4337.6
4771.6
4239.2
4710.4
4664.8
3826.8
4572.8
4574.4
3375.2
3994.8
4230.8
4682.8
3178.8
3937.6
4328.0
4380.0
4309.6
4230.4
4519.6
4489.2
4416.4
4490.4
4624.0
4632.0
4518.0
4594.4
4139.6
