Scores in order of my_pop.txt 9
4382.0
4276.8
4199.2
4380.8
4292.4
4113.2
4288.4
4236.8
4420.0
4056.0
4224.8
3882.8
3964.8
4264.4
4153.6
4060.0
4182.4
3977.2
4196.8
2426.0
3552.4
4426.0
4092.0
3937.2
4048.4
4313.2
4361.6
4280.4
4199.2
2786.8
4066.0
4172.4
4191.2
3952.4
4220.4
3774.4
4382.0
4379.2
3999.6
4182.8
3876.8
4220.8
4097.6
4078.4
4256.8
4143.6
4310.0
3954.8
4203.6
3873.2
3460.0
4216.8
3802.8
4228.8
3665.6
4204.4
4087.2
4223.2
3969.6
4182.8
4238.0
3995.6
4132.0
4074.4
4132.4
4119.2
3826.4
3938.4
3998.4
4394.8
3166.4
2365.6
4141.6
4463.6
3663.2
4068.4
4530.8
4366.8
3962.0
4279.6
3362.0
4314.8
3424.8
3830.4
2282.4
3410.8
4098.4
4154.4
4554.8
4076.0
4225.6
4120.0
2786.8
3928.0
4120.4
3962.0
3898.4
4236.8
3268.8
3921.2
