Scores in order of my_pop.txt 12
4597.6
4612.4
4489.2
4506.8
4275.6
4200.8
4498.4
4370.0
4445.2
4274.8
4285.6
4379.2
4538.0
4183.6
4561.2
3640.0
4390.0
4184.4
3933.2
4080.8
4550.8
4036.4
4231.6
3910.0
4253.2
4198.8
3241.6
3618.4
4139.6
3814.8
3799.6
4620.0
4304.8
4294.4
2289.2
3874.4
4240.8
4244.0
4518.4
4433.2
4469.6
4286.8
4208.0
3458.0
4727.6
2928.8
4456.8
4134.4
4197.6
4017.2
4160.4
2660.8
4548.4
4133.2
4548.4
4497.6
4126.0
4216.0
3966.8
4532.0
4396.0
4364.4
2195.6
4175.6
4149.6
4313.2
4078.4
4297.2
4190.4
4125.2
4397.2
3983.2
4028.4
4094.4
4246.0
3906.4
4564.4
4311.6
3716.0
4461.2
4488.8
3584.0
4357.2
4077.2
3966.0
4057.6
4474.0
4453.2
4456.0
2927.2
2246.0
4553.6
2258.0
4058.0
3898.8
4363.6
4173.2
4173.6
4080.0
4087.6
