Scores in order of my_pop.txt 23
4402.0
4498.8
4466.4
4497.2
4699.2
4755.6
4556.8
4572.4
4410.4
4516.4
4440.8
4430.0
4130.8
4274.4
4463.6
4352.8
4468.0
4543.2
3008.0
4471.2
4208.0
4502.8
4523.6
4159.2
3752.4
4580.0
4210.8
4489.6
3817.2
4440.0
4712.4
4263.6
4336.0
4586.4
4794.0
4162.4
4302.4
4454.0
4403.2
4546.0
2324.8
4023.2
4535.6
4132.0
3294.4
3963.2
4394.8
4312.0
4646.8
3991.6
4319.6
3984.8
4243.2
4417.2
4217.6
4359.2
4231.2
4514.4
4294.0
4819.2
4462.8
4710.4
4663.6
3954.4
4013.2
4501.2
4289.2
4516.0
4338.4
3984.8
3957.6
4349.2
4396.0
4358.0
3510.0
4108.4
4616.4
4405.2
4405.6
3820.0
4105.6
3890.8
4386.8
3800.4
4033.2
4028.4
4498.8
3842.4
3830.8
4696.4
4392.8
4420.0
4493.6
4484.0
4300.4
4380.0
4524.0
4228.4
4384.0
4637.2
