Scores in order of my_pop.txt 44
4994.8
4946.8
4844.0
4939.2
5064.0
4923.2
5136.0
4891.6
4827.6
4756.4
3517.2
4631.6
4816.8
4736.4
4861.6
4442.0
4133.6
4301.2
4923.2
4512.4
4582.0
4114.4
4639.2
4806.0
4134.8
4728.8
4167.2
4658.0
3877.6
4952.4
4094.0
5086.8
4472.0
4597.2
4679.6
4260.0
4632.8
4162.8
4050.4
4738.4
4589.2
4511.6
4446.4
4366.4
4235.6
4710.4
4770.0
4711.2
4956.8
4869.2
4467.6
4154.4
4676.8
4639.6
4635.6
2544.8
3929.6
4613.6
4489.2
3917.2
4581.6
4284.0
4307.2
4282.0
4775.6
4857.2
4162.4
3583.6
3897.2
4372.0
4070.0
4906.0
4064.0
4690.4
4650.8
4898.8
4650.4
4388.0
4170.0
5012.4
4852.0
4149.2
3386.4
4067.6
4727.2
4645.2
4929.6
5012.8
4770.0
5002.4
4616.8
4356.8
5035.6
5059.6
4126.8
4568.0
4410.4
4003.6
4210.8
4128.0
