LENGTH OF DATA FROM 15 IS 5
list_seeds_number_times_given_out
 [1, 1, 1, 1, 1, 1, 1, 1, 1, 1, 1, 1, 1, 1, 1, 1, 1, 1, 1, 1]
list_of_summed_scores_for_each_indiv
 [0, 0, 0, 0, 0, 0, 0, 0, 0, 0, 0, 0, 0, 0, 0, 2580.0, 0, 0, 0, 0, 0, 0, 0, 0, 0, 0, 0, 0, 0, 0, 0, 0, 0, 0, 0, 2220.0, 0, 0, 0, 0, 0, 0, 0, 0, 0, 0, 0, 0, 0, 0, 0, 0, 0, 0, 0, 1920.0, 0, 0, 0, 0, 0, 0, 0, 0, 0, 0, 0, 0, 0, 0, 0, 0, 0, 0, 0, 2220.0, 0, 0, 0, 0, 0, 0, 0, 0, 0, 0, 0, 0, 0, 0, 0, 0, 0, 0, 0, 2500.0, 0, 0, 0, 0]
list_seeds_number_times_given_out_got_score_back [0, 0, 0, 0, 0, 0, 0, 0, 0, 0, 0, 0, 0, 0, 0, 1, 0, 0, 0, 0]
last indiv added to 95
results from consumer [2580.0, 2220.0, 1920.0, 2220.0, 2500.0]
LENGTH OF DATA FROM 11 IS 5
list_seeds_number_times_given_out
 [1, 1, 1, 1, 1, 1, 1, 1, 1, 1, 1, 1, 1, 1, 1, 1, 1, 1, 1, 1]
list_of_summed_scores_for_each_indiv
 [0, 0, 0, 0, 0, 0, 0, 0, 0, 0, 0, 3240.0, 0, 0, 0, 2580.0, 0, 0, 0, 0, 0, 0, 0, 0, 0, 0, 0, 0, 0, 0, 0, 2580.0, 0, 0, 0, 2220.0, 0, 0, 0, 0, 0, 0, 0, 0, 0, 0, 0, 0, 0, 0, 0, 3360.0, 0, 0, 0, 1920.0, 0, 0, 0, 0, 0, 0, 0, 0, 0, 0, 0, 0, 0, 0, 0, 2500.0, 0, 0, 0, 2220.0, 0, 0, 0, 0, 0, 0, 0, 0, 0, 0, 0, 0, 0, 0, 0, 2760.0, 0, 0, 0, 2500.0, 0, 0, 0, 0]
list_seeds_number_times_given_out_got_score_back [0, 0, 0, 0, 0, 0, 0, 0, 0, 0, 0, 1, 0, 0, 0, 1, 0, 0, 0, 0]
last indiv added to 91
results from consumer [3240.0, 2580.0, 3360.0, 2500.0, 2760.0]
LENGTH OF DATA FROM 14 IS 5
list_seeds_number_times_given_out
 [1, 1, 1, 1, 1, 1, 1, 1, 1, 1, 1, 1, 1, 1, 1, 1, 1, 1, 1, 1]
list_of_summed_scores_for_each_indiv
 [0, 0, 0, 0, 0, 0, 0, 0, 0, 0, 0, 3240.0, 0, 0, 3300.0, 2580.0, 0, 0, 0, 0, 0, 0, 0, 0, 0, 0, 0, 0, 0, 0, 0, 2580.0, 0, 0, 2460.0, 2220.0, 0, 0, 0, 0, 0, 0, 0, 0, 0, 0, 0, 0, 0, 0, 0, 3360.0, 0, 0, 2580.0, 1920.0, 0, 0, 0, 0, 0, 0, 0, 0, 0, 0, 0, 0, 0, 0, 0, 2500.0, 0, 0, 2500.0, 2220.0, 0, 0, 0, 0, 0, 0, 0, 0, 0, 0, 0, 0, 0, 0, 0, 2760.0, 0, 0, 2220.0, 2500.0, 0, 0, 0, 0]
list_seeds_number_times_given_out_got_score_back [0, 0, 0, 0, 0, 0, 0, 0, 0, 0, 0, 1, 0, 0, 1, 1, 0, 0, 0, 0]
last indiv added to 94
results from consumer [3300.0, 2460.0, 2580.0, 2500.0, 2220.0]
LENGTH OF DATA FROM 10 IS 5
list_seeds_number_times_given_out
 [1, 1, 1, 1, 1, 1, 1, 1, 1, 1, 1, 1, 1, 1, 1, 1, 1, 1, 1, 1]
list_of_summed_scores_for_each_indiv
 [0, 0, 0, 0, 0, 0, 0, 0, 0, 0, 1920.0, 3240.0, 0, 0, 3300.0, 2580.0, 0, 0, 0, 0, 0, 0, 0, 0, 0, 0, 0, 0, 0, 0, 2460.0, 2580.0, 0, 0, 2460.0, 2220.0, 0, 0, 0, 0, 0, 0, 0, 0, 0, 0, 0, 0, 0, 0, 2220.0, 3360.0, 0, 0, 2580.0, 1920.0, 0, 0, 0, 0, 0, 0, 0, 0, 0, 0, 0, 0, 0, 0, 2500.0, 2500.0, 0, 0, 2500.0, 2220.0, 0, 0, 0, 0, 0, 0, 0, 0, 0, 0, 0, 0, 0, 0, 2220.0, 2760.0, 0, 0, 2220.0, 2500.0, 0, 0, 0, 0]
list_seeds_number_times_given_out_got_score_back [0, 0, 0, 0, 0, 0, 0, 0, 0, 0, 1, 1, 0, 0, 1, 1, 0, 0, 0, 0]
last indiv added to 90
results from consumer [1920.0, 2460.0, 2220.0, 2500.0, 2220.0]
LENGTH OF DATA FROM 18 IS 5
list_seeds_number_times_given_out
 [1, 1, 1, 1, 1, 1, 1, 1, 1, 1, 1, 1, 1, 1, 1, 1, 1, 1, 1, 1]
list_of_summed_scores_for_each_indiv
 [0, 0, 0, 0, 0, 0, 0, 0, 0, 0, 1920.0, 3240.0, 0, 0, 3300.0, 2580.0, 0, 0, 2460.0, 0, 0, 0, 0, 0, 0, 0, 0, 0, 0, 0, 2460.0, 2580.0, 0, 0, 2460.0, 2220.0, 0, 0, 2220.0, 0, 0, 0, 0, 0, 0, 0, 0, 0, 0, 0, 2220.0, 3360.0, 0, 0, 2580.0, 1920.0, 0, 0, 1920.0, 0, 0, 0, 0, 0, 0, 0, 0, 0, 0, 0, 2500.0, 2500.0, 0, 0, 2500.0, 2220.0, 0, 0, 2580.0, 0, 0, 0, 0, 0, 0, 0, 0, 0, 0, 0, 2220.0, 2760.0, 0, 0, 2220.0, 2500.0, 0, 0, 2460.0, 0]
list_seeds_number_times_given_out_got_score_back [0, 0, 0, 0, 0, 0, 0, 0, 0, 0, 1, 1, 0, 0, 1, 1, 0, 0, 1, 0]
last indiv added to 98
results from consumer [2460.0, 2220.0, 1920.0, 2580.0, 2460.0]
LENGTH OF DATA FROM 4 IS 5
list_seeds_number_times_given_out
 [1, 1, 1, 1, 1, 1, 1, 1, 1, 1, 2, 2, 1, 1, 2, 2, 1, 1, 2, 1]
list_of_summed_scores_for_each_indiv
 [0, 0, 0, 0, 2220.0, 0, 0, 0, 0, 0, 1920.0, 3240.0, 0, 0, 3300.0, 2580.0, 0, 0, 2460.0, 0, 0, 0, 0, 0, 2460.0, 0, 0, 0, 0, 0, 2460.0, 2580.0, 0, 0, 2460.0, 2220.0, 0, 0, 2220.0, 0, 0, 0, 0, 0, 2220.0, 0, 0, 0, 0, 0, 2220.0, 3360.0, 0, 0, 2580.0, 1920.0, 0, 0, 1920.0, 0, 0, 0, 0, 0, 2500.0, 0, 0, 0, 0, 0, 2500.0, 2500.0, 0, 0, 2500.0, 2220.0, 0, 0, 2580.0, 0, 0, 0, 0, 0, 2960.0, 0, 0, 0, 0, 0, 2220.0, 2760.0, 0, 0, 2220.0, 2500.0, 0, 0, 2460.0, 0]
list_seeds_number_times_given_out_got_score_back [0, 0, 0, 0, 1, 0, 0, 0, 0, 0, 1, 1, 0, 0, 1, 1, 0, 0, 1, 0]
last indiv added to 84
results from consumer [2220.0, 2460.0, 2220.0, 2500.0, 2960.0]
LENGTH OF DATA FROM 19 IS 5
list_seeds_number_times_given_out
 [1, 1, 1, 1, 1, 1, 1, 1, 1, 1, 2, 2, 1, 1, 2, 2, 1, 1, 2, 1]
list_of_summed_scores_for_each_indiv
 [0, 0, 0, 0, 2220.0, 0, 0, 0, 0, 0, 1920.0, 3240.0, 0, 0, 3300.0, 2580.0, 0, 0, 2460.0, 2460.0, 0, 0, 0, 0, 2460.0, 0, 0, 0, 0, 0, 2460.0, 2580.0, 0, 0, 2460.0, 2220.0, 0, 0, 2220.0, 2220.0, 0, 0, 0, 0, 2220.0, 0, 0, 0, 0, 0, 2220.0, 3360.0, 0, 0, 2580.0, 1920.0, 0, 0, 1920.0, 2460.0, 0, 0, 0, 0, 2500.0, 0, 0, 0, 0, 0, 2500.0, 2500.0, 0, 0, 2500.0, 2220.0, 0, 0, 2580.0, 2500.0, 0, 0, 0, 0, 2960.0, 0, 0, 0, 0, 0, 2220.0, 2760.0, 0, 0, 2220.0, 2500.0, 0, 0, 2460.0, 2220.0]
list_seeds_number_times_given_out_got_score_back [0, 0, 0, 0, 1, 0, 0, 0, 0, 0, 1, 1, 0, 0, 1, 1, 0, 0, 1, 1]
last indiv added to 99
results from consumer [2460.0, 2220.0, 2460.0, 2500.0, 2220.0]
LENGTH OF DATA FROM 7 IS 5
list_seeds_number_times_given_out
 [1, 1, 1, 1, 1, 1, 1, 1, 1, 1, 2, 2, 1, 1, 2, 2, 1, 1, 2, 1]
list_of_summed_scores_for_each_indiv
 [0, 0, 0, 0, 2220.0, 0, 0, 3240.0, 0, 0, 1920.0, 3240.0, 0, 0, 3300.0, 2580.0, 0, 0, 2460.0, 2460.0, 0, 0, 0, 0, 2460.0, 0, 0, 2500.0, 0, 0, 2460.0, 2580.0, 0, 0, 2460.0, 2220.0, 0, 0, 2220.0, 2220.0, 0, 0, 0, 0, 2220.0, 0, 0, 1920.0, 0, 0, 2220.0, 3360.0, 0, 0, 2580.0, 1920.0, 0, 0, 1920.0, 2460.0, 0, 0, 0, 0, 2500.0, 0, 0, 2500.0, 0, 0, 2500.0, 2500.0, 0, 0, 2500.0, 2220.0, 0, 0, 2580.0, 2500.0, 0, 0, 0, 0, 2960.0, 0, 0, 2700.0, 0, 0, 2220.0, 2760.0, 0, 0, 2220.0, 2500.0, 0, 0, 2460.0, 2220.0]
list_seeds_number_times_given_out_got_score_back [0, 0, 0, 0, 1, 0, 0, 1, 0, 0, 1, 1, 0, 0, 1, 1, 0, 0, 1, 1]
last indiv added to 87
results from consumer [3240.0, 2500.0, 1920.0, 2500.0, 2700.0]
LENGTH OF DATA FROM 2 IS 5
list_seeds_number_times_given_out
 [1, 1, 1, 1, 1, 1, 1, 1, 1, 1, 2, 2, 1, 1, 2, 2, 1, 1, 2, 1]
list_of_summed_scores_for_each_indiv
 [0, 0, 2960.0, 0, 2220.0, 0, 0, 3240.0, 0, 0, 1920.0, 3240.0, 0, 0, 3300.0, 2580.0, 0, 0, 2460.0, 2460.0, 0, 0, 2580.0, 0, 2460.0, 0, 0, 2500.0, 0, 0, 2460.0, 2580.0, 0, 0, 2460.0, 2220.0, 0, 0, 2220.0, 2220.0, 0, 0, 2580.0, 0, 2220.0, 0, 0, 1920.0, 0, 0, 2220.0, 3360.0, 0, 0, 2580.0, 1920.0, 0, 0, 1920.0, 2460.0, 0, 0, 1500.0, 0, 2500.0, 0, 0, 2500.0, 0, 0, 2500.0, 2500.0, 0, 0, 2500.0, 2220.0, 0, 0, 2580.0, 2500.0, 0, 0, 2960.0, 0, 2960.0, 0, 0, 2700.0, 0, 0, 2220.0, 2760.0, 0, 0, 2220.0, 2500.0, 0, 0, 2460.0, 2220.0]
list_seeds_number_times_given_out_got_score_back [0, 0, 1, 0, 1, 0, 0, 1, 0, 0, 1, 1, 0, 0, 1, 1, 0, 0, 1, 1]
last indiv added to 82
results from consumer [2960.0, 2580.0, 2580.0, 1500.0, 2960.0]
LENGTH OF DATA FROM 8 IS 5
list_seeds_number_times_given_out
 [1, 1, 1, 1, 2, 1, 1, 1, 1, 1, 2, 2, 1, 1, 2, 2, 1, 1, 2, 1]
list_of_summed_scores_for_each_indiv
 [0, 0, 2960.0, 0, 2220.0, 0, 0, 3240.0, 2220.0, 0, 1920.0, 3240.0, 0, 0, 3300.0, 2580.0, 0, 0, 2460.0, 2460.0, 0, 0, 2580.0, 0, 2460.0, 0, 0, 2500.0, 2220.0, 0, 2460.0, 2580.0, 0, 0, 2460.0, 2220.0, 0, 0, 2220.0, 2220.0, 0, 0, 2580.0, 0, 2220.0, 0, 0, 1920.0, 2960.0, 0, 2220.0, 3360.0, 0, 0, 2580.0, 1920.0, 0, 0, 1920.0, 2460.0, 0, 0, 1500.0, 0, 2500.0, 0, 0, 2500.0, 2580.0, 0, 2500.0, 2500.0, 0, 0, 2500.0, 2220.0, 0, 0, 2580.0, 2500.0, 0, 0, 2960.0, 0, 2960.0, 0, 0, 2700.0, 2700.0, 0, 2220.0, 2760.0, 0, 0, 2220.0, 2500.0, 0, 0, 2460.0, 2220.0]
list_seeds_number_times_given_out_got_score_back [0, 0, 1, 0, 1, 0, 0, 1, 1, 0, 1, 1, 0, 0, 1, 1, 0, 0, 1, 1]
last indiv added to 88
results from consumer [2220.0, 2220.0, 2960.0, 2580.0, 2700.0]
LENGTH OF DATA FROM 0 IS 5
list_seeds_number_times_given_out
 [1, 1, 1, 1, 2, 1, 1, 1, 1, 1, 2, 2, 1, 1, 2, 2, 1, 1, 2, 1]
list_of_summed_scores_for_each_indiv
 [3360.0, 0, 2960.0, 0, 2220.0, 0, 0, 3240.0, 2220.0, 0, 1920.0, 3240.0, 0, 0, 3300.0, 2580.0, 0, 0, 2460.0, 2460.0, 2580.0, 0, 2580.0, 0, 2460.0, 0, 0, 2500.0, 2220.0, 0, 2460.0, 2580.0, 0, 0, 2460.0, 2220.0, 0, 0, 2220.0, 2220.0, 3240.0, 0, 2580.0, 0, 2220.0, 0, 0, 1920.0, 2960.0, 0, 2220.0, 3360.0, 0, 0, 2580.0, 1920.0, 0, 0, 1920.0, 2460.0, 2460.0, 0, 1500.0, 0, 2500.0, 0, 0, 2500.0, 2580.0, 0, 2500.0, 2500.0, 0, 0, 2500.0, 2220.0, 0, 0, 2580.0, 2500.0, 2500.0, 0, 2960.0, 0, 2960.0, 0, 0, 2700.0, 2700.0, 0, 2220.0, 2760.0, 0, 0, 2220.0, 2500.0, 0, 0, 2460.0, 2220.0]
list_seeds_number_times_given_out_got_score_back [1, 0, 1, 0, 1, 0, 0, 1, 1, 0, 1, 1, 0, 0, 1, 1, 0, 0, 1, 1]
last indiv added to 80
results from consumer [3360.0, 2580.0, 3240.0, 2460.0, 2500.0]
LENGTH OF DATA FROM 3 IS 5
list_seeds_number_times_given_out
 [1, 1, 1, 1, 2, 1, 1, 2, 1, 1, 2, 2, 1, 1, 2, 2, 1, 1, 2, 2]
list_of_summed_scores_for_each_indiv
 [3360.0, 0, 2960.0, 2700.0, 2220.0, 0, 0, 3240.0, 2220.0, 0, 1920.0, 3240.0, 0, 0, 3300.0, 2580.0, 0, 0, 2460.0, 2460.0, 2580.0, 0, 2580.0, 2960.0, 2460.0, 0, 0, 2500.0, 2220.0, 0, 2460.0, 2580.0, 0, 0, 2460.0, 2220.0, 0, 0, 2220.0, 2220.0, 3240.0, 0, 2580.0, 2500.0, 2220.0, 0, 0, 1920.0, 2960.0, 0, 2220.0, 3360.0, 0, 0, 2580.0, 1920.0, 0, 0, 1920.0, 2460.0, 2460.0, 0, 1500.0, 2500.0, 2500.0, 0, 0, 2500.0, 2580.0, 0, 2500.0, 2500.0, 0, 0, 2500.0, 2220.0, 0, 0, 2580.0, 2500.0, 2500.0, 0, 2960.0, 2960.0, 2960.0, 0, 0, 2700.0, 2700.0, 0, 2220.0, 2760.0, 0, 0, 2220.0, 2500.0, 0, 0, 2460.0, 2220.0]
list_seeds_number_times_given_out_got_score_back [1, 0, 1, 1, 1, 0, 0, 1, 1, 0, 1, 1, 0, 0, 1, 1, 0, 0, 1, 1]
last indiv added to 83
results from consumer [2700.0, 2960.0, 2500.0, 2500.0, 2960.0]
LENGTH OF DATA FROM 17 IS 5
list_seeds_number_times_given_out
 [1, 1, 2, 1, 2, 1, 1, 2, 1, 1, 2, 2, 1, 1, 2, 2, 1, 1, 2, 2]
list_of_summed_scores_for_each_indiv
 [3360.0, 0, 2960.0, 2700.0, 2220.0, 0, 0, 3240.0, 2220.0, 0, 1920.0, 3240.0, 0, 0, 3300.0, 2580.0, 0, 2700.0, 2460.0, 2460.0, 2580.0, 0, 2580.0, 2960.0, 2460.0, 0, 0, 2500.0, 2220.0, 0, 2460.0, 2580.0, 0, 0, 2460.0, 2220.0, 0, 2220.0, 2220.0, 2220.0, 3240.0, 0, 2580.0, 2500.0, 2220.0, 0, 0, 1920.0, 2960.0, 0, 2220.0, 3360.0, 0, 0, 2580.0, 1920.0, 0, 3360.0, 1920.0, 2460.0, 2460.0, 0, 1500.0, 2500.0, 2500.0, 0, 0, 2500.0, 2580.0, 0, 2500.0, 2500.0, 0, 0, 2500.0, 2220.0, 0, 2460.0, 2580.0, 2500.0, 2500.0, 0, 2960.0, 2960.0, 2960.0, 0, 0, 2700.0, 2700.0, 0, 2220.0, 2760.0, 0, 0, 2220.0, 2500.0, 0, 2500.0, 2460.0, 2220.0]
list_seeds_number_times_given_out_got_score_back [1, 0, 1, 1, 1, 0, 0, 1, 1, 0, 1, 1, 0, 0, 1, 1, 0, 1, 1, 1]
last indiv added to 97
results from consumer [2700.0, 2220.0, 3360.0, 2460.0, 2500.0]
LENGTH OF DATA FROM 1 IS 5
list_seeds_number_times_given_out
 [1, 1, 2, 1, 2, 1, 1, 2, 1, 1, 2, 2, 1, 1, 2, 2, 1, 1, 2, 2]
list_of_summed_scores_for_each_indiv
 [3360.0, 2460.0, 2960.0, 2700.0, 2220.0, 0, 0, 3240.0, 2220.0, 0, 1920.0, 3240.0, 0, 0, 3300.0, 2580.0, 0, 2700.0, 2460.0, 2460.0, 2580.0, 2460.0, 2580.0, 2960.0, 2460.0, 0, 0, 2500.0, 2220.0, 0, 2460.0, 2580.0, 0, 0, 2460.0, 2220.0, 0, 2220.0, 2220.0, 2220.0, 3240.0, 2500.0, 2580.0, 2500.0, 2220.0, 0, 0, 1920.0, 2960.0, 0, 2220.0, 3360.0, 0, 0, 2580.0, 1920.0, 0, 3360.0, 1920.0, 2460.0, 2460.0, 2220.0, 1500.0, 2500.0, 2500.0, 0, 0, 2500.0, 2580.0, 0, 2500.0, 2500.0, 0, 0, 2500.0, 2220.0, 0, 2460.0, 2580.0, 2500.0, 2500.0, 2700.0, 2960.0, 2960.0, 2960.0, 0, 0, 2700.0, 2700.0, 0, 2220.0, 2760.0, 0, 0, 2220.0, 2500.0, 0, 2500.0, 2460.0, 2220.0]
list_seeds_number_times_given_out_got_score_back [1, 1, 1, 1, 1, 0, 0, 1, 1, 0, 1, 1, 0, 0, 1, 1, 0, 1, 1, 1]
last indiv added to 81
results from consumer [2460.0, 2460.0, 2500.0, 2220.0, 2700.0]
LENGTH OF DATA FROM 16 IS 5
list_seeds_number_times_given_out
 [1, 1, 2, 1, 2, 1, 1, 2, 1, 1, 2, 2, 1, 1, 2, 2, 1, 1, 2, 2]
list_of_summed_scores_for_each_indiv
 [3360.0, 2460.0, 2960.0, 2700.0, 2220.0, 0, 0, 3240.0, 2220.0, 0, 1920.0, 3240.0, 0, 0, 3300.0, 2580.0, 1380.0, 2700.0, 2460.0, 2460.0, 2580.0, 2460.0, 2580.0, 2960.0, 2460.0, 0, 0, 2500.0, 2220.0, 0, 2460.0, 2580.0, 0, 0, 2460.0, 2220.0, 2460.0, 2220.0, 2220.0, 2220.0, 3240.0, 2500.0, 2580.0, 2500.0, 2220.0, 0, 0, 1920.0, 2960.0, 0, 2220.0, 3360.0, 0, 0, 2580.0, 1920.0, 2220.0, 3360.0, 1920.0, 2460.0, 2460.0, 2220.0, 1500.0, 2500.0, 2500.0, 0, 0, 2500.0, 2580.0, 0, 2500.0, 2500.0, 0, 0, 2500.0, 2220.0, 2460.0, 2460.0, 2580.0, 2500.0, 2500.0, 2700.0, 2960.0, 2960.0, 2960.0, 0, 0, 2700.0, 2700.0, 0, 2220.0, 2760.0, 0, 0, 2220.0, 2500.0, 2700.0, 2500.0, 2460.0, 2220.0]
list_seeds_number_times_given_out_got_score_back [1, 1, 1, 1, 1, 0, 0, 1, 1, 0, 1, 1, 0, 0, 1, 1, 1, 1, 1, 1]
last indiv added to 96
results from consumer [1380.0, 2460.0, 2220.0, 2460.0, 2700.0]
LENGTH OF DATA FROM 9 IS 5
list_seeds_number_times_given_out
 [2, 1, 2, 1, 2, 1, 1, 2, 2, 1, 2, 2, 1, 1, 2, 2, 1, 1, 2, 2]
list_of_summed_scores_for_each_indiv
 [3360.0, 2460.0, 2960.0, 2700.0, 2220.0, 0, 0, 3240.0, 2220.0, 2700.0, 1920.0, 3240.0, 0, 0, 3300.0, 2580.0, 1380.0, 2700.0, 2460.0, 2460.0, 2580.0, 2460.0, 2580.0, 2960.0, 2460.0, 0, 0, 2500.0, 2220.0, 2220.0, 2460.0, 2580.0, 0, 0, 2460.0, 2220.0, 2460.0, 2220.0, 2220.0, 2220.0, 3240.0, 2500.0, 2580.0, 2500.0, 2220.0, 0, 0, 1920.0, 2960.0, 2460.0, 2220.0, 3360.0, 0, 0, 2580.0, 1920.0, 2220.0, 3360.0, 1920.0, 2460.0, 2460.0, 2220.0, 1500.0, 2500.0, 2500.0, 0, 0, 2500.0, 2580.0, 3360.0, 2500.0, 2500.0, 0, 0, 2500.0, 2220.0, 2460.0, 2460.0, 2580.0, 2500.0, 2500.0, 2700.0, 2960.0, 2960.0, 2960.0, 0, 0, 2700.0, 2700.0, 2500.0, 2220.0, 2760.0, 0, 0, 2220.0, 2500.0, 2700.0, 2500.0, 2460.0, 2220.0]
list_seeds_number_times_given_out_got_score_back [1, 1, 1, 1, 1, 0, 0, 1, 1, 1, 1, 1, 0, 0, 1, 1, 1, 1, 1, 1]
last indiv added to 89
results from consumer [2700.0, 2220.0, 2460.0, 3360.0, 2500.0]
LENGTH OF DATA FROM 13 IS 5
list_seeds_number_times_given_out
 [2, 2, 2, 2, 2, 1, 1, 2, 2, 2, 2, 2, 1, 1, 2, 2, 2, 2, 2, 2]
list_of_summed_scores_for_each_indiv
 [3360.0, 2460.0, 2960.0, 2700.0, 2220.0, 0, 0, 3240.0, 2220.0, 2700.0, 1920.0, 3240.0, 0, 2220.0, 3300.0, 2580.0, 1380.0, 2700.0, 2460.0, 2460.0, 2580.0, 2460.0, 2580.0, 2960.0, 2460.0, 0, 0, 2500.0, 2220.0, 2220.0, 2460.0, 2580.0, 0, 2700.0, 2460.0, 2220.0, 2460.0, 2220.0, 2220.0, 2220.0, 3240.0, 2500.0, 2580.0, 2500.0, 2220.0, 0, 0, 1920.0, 2960.0, 2460.0, 2220.0, 3360.0, 0, 2460.0, 2580.0, 1920.0, 2220.0, 3360.0, 1920.0, 2460.0, 2460.0, 2220.0, 1500.0, 2500.0, 2500.0, 0, 0, 2500.0, 2580.0, 3360.0, 2500.0, 2500.0, 0, 2220.0, 2500.0, 2220.0, 2460.0, 2460.0, 2580.0, 2500.0, 2500.0, 2700.0, 2960.0, 2960.0, 2960.0, 0, 0, 2700.0, 2700.0, 2500.0, 2220.0, 2760.0, 0, 1740.0, 2220.0, 2500.0, 2700.0, 2500.0, 2460.0, 2220.0]
list_seeds_number_times_given_out_got_score_back [1, 1, 1, 1, 1, 0, 0, 1, 1, 1, 1, 1, 0, 1, 1, 1, 1, 1, 1, 1]
last indiv added to 93
results from consumer [2220.0, 2700.0, 2460.0, 2220.0, 1740.0]
LENGTH OF DATA FROM 5 IS 5
list_seeds_number_times_given_out
 [2, 2, 2, 2, 2, 1, 1, 2, 2, 2, 2, 2, 1, 1, 2, 2, 2, 2, 2, 2]
list_of_summed_scores_for_each_indiv
 [3360.0, 2460.0, 2960.0, 2700.0, 2220.0, 3420.0, 0, 3240.0, 2220.0, 2700.0, 1920.0, 3240.0, 0, 2220.0, 3300.0, 2580.0, 1380.0, 2700.0, 2460.0, 2460.0, 2580.0, 2460.0, 2580.0, 2960.0, 2460.0, 2460.0, 0, 2500.0, 2220.0, 2220.0, 2460.0, 2580.0, 0, 2700.0, 2460.0, 2220.0, 2460.0, 2220.0, 2220.0, 2220.0, 3240.0, 2500.0, 2580.0, 2500.0, 2220.0, 2700.0, 0, 1920.0, 2960.0, 2460.0, 2220.0, 3360.0, 0, 2460.0, 2580.0, 1920.0, 2220.0, 3360.0, 1920.0, 2460.0, 2460.0, 2220.0, 1500.0, 2500.0, 2500.0, 3240.0, 0, 2500.0, 2580.0, 3360.0, 2500.0, 2500.0, 0, 2220.0, 2500.0, 2220.0, 2460.0, 2460.0, 2580.0, 2500.0, 2500.0, 2700.0, 2960.0, 2960.0, 2960.0, 2500.0, 0, 2700.0, 2700.0, 2500.0, 2220.0, 2760.0, 0, 1740.0, 2220.0, 2500.0, 2700.0, 2500.0, 2460.0, 2220.0]
list_seeds_number_times_given_out_got_score_back [1, 1, 1, 1, 1, 1, 0, 1, 1, 1, 1, 1, 0, 1, 1, 1, 1, 1, 1, 1]
last indiv added to 85
results from consumer [3420.0, 2460.0, 2700.0, 3240.0, 2500.0]
LENGTH OF DATA FROM 12 IS 5
list_seeds_number_times_given_out
 [2, 2, 2, 2, 2, 1, 1, 2, 2, 2, 2, 2, 1, 1, 2, 2, 2, 2, 2, 2]
list_of_summed_scores_for_each_indiv
 [3360.0, 2460.0, 2960.0, 2700.0, 2220.0, 3420.0, 0, 3240.0, 2220.0, 2700.0, 1920.0, 3240.0, 1920.0, 2220.0, 3300.0, 2580.0, 1380.0, 2700.0, 2460.0, 2460.0, 2580.0, 2460.0, 2580.0, 2960.0, 2460.0, 2460.0, 0, 2500.0, 2220.0, 2220.0, 2460.0, 2580.0, 3420.0, 2700.0, 2460.0, 2220.0, 2460.0, 2220.0, 2220.0, 2220.0, 3240.0, 2500.0, 2580.0, 2500.0, 2220.0, 2700.0, 0, 1920.0, 2960.0, 2460.0, 2220.0, 3360.0, 2700.0, 2460.0, 2580.0, 1920.0, 2220.0, 3360.0, 1920.0, 2460.0, 2460.0, 2220.0, 1500.0, 2500.0, 2500.0, 3240.0, 0, 2500.0, 2580.0, 3360.0, 2500.0, 2500.0, 2500.0, 2220.0, 2500.0, 2220.0, 2460.0, 2460.0, 2580.0, 2500.0, 2500.0, 2700.0, 2960.0, 2960.0, 2960.0, 2500.0, 0, 2700.0, 2700.0, 2500.0, 2220.0, 2760.0, 3420.0, 1740.0, 2220.0, 2500.0, 2700.0, 2500.0, 2460.0, 2220.0]
list_seeds_number_times_given_out_got_score_back [1, 1, 1, 1, 1, 1, 0, 1, 1, 1, 1, 1, 1, 1, 1, 1, 1, 1, 1, 1]
last indiv added to 92
results from consumer [1920.0, 3420.0, 2700.0, 2500.0, 3420.0]
LENGTH OF DATA FROM 6 IS 5
list_seeds_number_times_given_out
 [2, 2, 2, 2, 2, 1, 1, 2, 2, 2, 2, 2, 1, 2, 2, 2, 2, 2, 2, 2]
list_of_summed_scores_for_each_indiv
 [3360.0, 2460.0, 2960.0, 2700.0, 2220.0, 3420.0, 1920.0, 3240.0, 2220.0, 2700.0, 1920.0, 3240.0, 1920.0, 2220.0, 3300.0, 2580.0, 1380.0, 2700.0, 2460.0, 2460.0, 2580.0, 2460.0, 2580.0, 2960.0, 2460.0, 2460.0, 2700.0, 2500.0, 2220.0, 2220.0, 2460.0, 2580.0, 3420.0, 2700.0, 2460.0, 2220.0, 2460.0, 2220.0, 2220.0, 2220.0, 3240.0, 2500.0, 2580.0, 2500.0, 2220.0, 2700.0, 2700.0, 1920.0, 2960.0, 2460.0, 2220.0, 3360.0, 2700.0, 2460.0, 2580.0, 1920.0, 2220.0, 3360.0, 1920.0, 2460.0, 2460.0, 2220.0, 1500.0, 2500.0, 2500.0, 3240.0, 2460.0, 2500.0, 2580.0, 3360.0, 2500.0, 2500.0, 2500.0, 2220.0, 2500.0, 2220.0, 2460.0, 2460.0, 2580.0, 2500.0, 2500.0, 2700.0, 2960.0, 2960.0, 2960.0, 2500.0, 2700.0, 2700.0, 2700.0, 2500.0, 2220.0, 2760.0, 3420.0, 1740.0, 2220.0, 2500.0, 2700.0, 2500.0, 2460.0, 2220.0]
list_seeds_number_times_given_out_got_score_back [1, 1, 1, 1, 1, 1, 1, 1, 1, 1, 1, 1, 1, 1, 1, 1, 1, 1, 1, 1]
last indiv added to 86
results from consumer [1920.0, 2700.0, 2700.0, 2460.0, 2700.0]
