Scores in order of my_pop.txt 62
4846.0
4798.0
5136.0
5091.2
5164.8
5141.2
5110.0
5138.4
5133.6
4752.0
5030.0
4802.0
4826.4
5054.8
4878.0
5008.8
4741.6
5182.8
4894.0
4798.8
4008.8
3806.0
4822.4
4196.8
4883.2
4992.8
4968.0
4408.8
5182.8
4876.0
4720.8
4670.0
5064.0
4398.4
4002.0
4788.0
5115.6
4469.2
4635.6
4844.4
5141.6
4927.2
4798.0
4531.6
4157.6
5234.4
4782.0
4968.8
3109.2
4568.4
5136.4
4769.6
4881.6
4873.2
4356.8
4437.6
4813.2
4310.0
3742.8
4080.4
4312.8
4861.2
4847.6
5158.8
4414.0
5133.6
4897.2
4070.4
4865.6
4133.6
4781.6
4948.8
4098.0
2488.0
4903.6
4145.2
4630.0
4125.6
4243.6
4036.4
4458.4
5234.4
4284.8
4825.6
4247.2
5182.4
4572.4
5116.4
4979.6
4927.2
4834.4
4000.8
4744.4
2541.6
4782.0
4115.2
4420.4
4992.8
4929.2
5065.2
