Scores in order of my_pop.txt 68
5159.6
5200.4
5188.8
5188.8
5210.0
5210.0
5188.8
4957.6
5004.8
5004.8
5210.0
4077.6
4788.0
4718.0
5044.4
4193.2
4595.2
5028.8
4966.4
4988.8
4870.4
5188.8
4676.4
4820.4
4904.0
3848.8
4880.0
5200.4
4222.4
4053.6
4812.4
4646.4
4932.4
5201.2
4914.0
2746.4
4759.2
4766.4
4594.4
4920.0
4108.8
4976.4
4572.4
4733.6
5188.8
4952.4
5004.0
5099.6
4701.6
5179.6
4572.4
5218.4
5012.8
4737.2
4617.2
4968.4
5074.0
4754.0
4799.6
5118.8
4832.0
4870.4
4640.4
4155.2
4880.0
4468.8
4302.0
5014.8
4956.0
4969.2
4080.4
5184.0
4948.0
4664.8
4708.4
4898.0
4832.8
4974.4
4918.4
4053.2
4820.4
4202.8
3974.4
4870.4
5074.0
3829.6
4559.2
4745.6
4989.6
4552.4
4644.8
5210.0
4820.4
4624.0
5086.8
4139.2
4836.0
5193.2
4233.6
4479.6
