Scores in order of my_pop.txt 18
4468.8
4319.2
4358.4
4502.4
4252.8
4344.8
4546.0
4457.6
4316.0
4543.6
4461.6
4279.2
4352.0
4271.6
4248.4
4436.8
4302.4
4559.6
4622.8
4264.0
4042.4
4499.6
4351.2
4712.8
4476.4
4284.4
4494.0
4118.8
4034.8
4142.0
4518.8
4465.6
4340.0
4172.0
4109.6
4308.4
4339.6
4120.8
4504.0
4330.8
4415.6
4495.6
4354.8
4535.6
4014.0
4309.6
3481.6
4050.8
3854.8
4347.6
4239.6
4210.8
3134.0
4410.0
4378.8
3525.6
4360.8
4238.0
3492.8
4406.0
4429.2
4496.8
4032.8
4442.8
3178.4
4467.6
4213.6
4429.2
4292.4
4163.2
4366.8
3775.6
3222.0
4446.0
4623.6
4298.4
4446.0
4421.2
4525.2
4338.4
4366.8
4036.4
3301.2
4288.4
4552.0
4131.2
2673.2
4578.4
4638.0
3070.4
4444.4
3625.2
4042.8
4578.0
4125.6
4511.2
4048.4
3216.8
4293.2
4186.8
