Scores in order of my_pop.txt 91
5180.8
4960.0
4960.0
5106.8
5010.4
5020.0
5020.0
4972.8
4987.2
4987.2
4367.6
4938.0
4690.4
4987.2
5076.4
4972.8
4809.6
4887.2
4182.0
4987.2
4987.2
4972.8
4345.2
4958.4
5048.8
5103.6
4891.6
4987.2
5010.4
4896.8
4958.4
4882.0
4558.4
4119.6
4972.8
4987.2
4972.8
5190.4
4809.6
5010.4
4884.0
4674.8
4606.0
4150.8
4976.8
5103.6
4787.2
4645.6
4987.2
4820.8
4635.2
4823.2
4886.4
5180.8
4978.4
3916.8
4904.4
5010.4
4834.0
4157.6
4842.4
4930.8
4987.2
4958.4
4952.8
4802.0
4972.8
4987.2
5074.8
4960.0
4958.4
4810.8
4906.4
5180.8
5048.8
4933.2
4992.0
4510.8
4987.2
4960.4
4899.2
3995.2
4635.2
4987.2
5103.6
5020.0
4837.6
4987.2
4288.0
5010.4
4620.4
4987.2
3671.2
4189.6
4884.0
5006.4
4254.0
2654.0
3911.6
4799.6
