Scores in order of my_pop.txt 75
4528.0
4863.2
4618.0
5034.8
4888.4
4929.2
4998.4
4829.6
4841.6
4868.4
4998.4
4814.4
4946.0
4131.2
3793.6
5075.6
5176.0
4889.2
4650.8
4325.2
5042.8
4600.4
4952.0
4839.2
5013.2
4610.0
4986.0
4618.0
4642.4
5057.2
4924.4
4654.4
4986.0
4841.2
4821.2
4844.8
5098.4
5016.4
4954.4
4868.4
5096.4
4790.4
4990.8
4626.8
4985.6
4932.0
4702.4
5239.2
4802.4
4953.2
4925.2
4838.8
4538.0
4714.0
4654.0
4272.8
5050.4
5009.6
4718.0
4985.6
4841.2
4258.4
5159.2
4794.8
4908.8
5009.6
4844.8
4176.0
4479.2
4748.4
4944.4
4764.8
3914.8
4747.2
4203.6
4328.0
4899.6
5009.6
4140.0
4045.6
4372.4
4156.8
4394.0
5105.2
4924.0
5145.2
4718.4
4124.8
4787.6
4689.6
4841.2
4982.8
5057.2
4125.6
5247.6
5008.0
4888.4
3917.2
5198.0
5008.4
