Scores in order of my_pop.txt 19
4466.0
4544.4
4381.6
4372.8
4444.0
4408.0
4645.2
4742.0
4386.4
4644.0
4186.8
4350.0
4425.6
4463.2
4513.2
4263.2
4450.0
4472.0
4396.4
4308.0
4427.2
4347.6
4381.6
4566.0
4418.0
4788.8
4494.8
4424.4
4489.2
4724.8
4442.0
4490.4
4562.0
2575.6
3780.0
4697.2
3778.4
4330.8
3751.2
4449.6
2692.0
4398.0
4544.8
4560.4
4420.0
4442.8
4589.6
4314.8
3097.6
4708.8
4531.2
3934.0
4064.8
4492.0
3885.6
4509.6
3997.2
4550.0
4326.0
4472.0
4456.8
4089.2
4584.4
4168.4
2520.4
4372.0
4001.2
4062.8
4663.6
3654.8
4357.6
4749.6
4246.4
4473.2
3943.6
4195.2
2993.2
4052.8
4070.4
4262.4
4396.0
4511.6
4413.2
4456.8
3939.6
4307.2
4456.4
4773.6
4134.4
4689.2
4351.2
4281.6
4413.6
4107.2
3194.4
4587.2
4515.6
4472.4
4335.6
4470.4
