Scores in order of my_pop.txt 76
4902.4
4856.0
4849.2
4891.2
4903.2
4618.8
4714.0
5086.0
4744.8
4973.2
4736.8
4943.2
4960.0
4950.8
4818.4
4765.2
5207.2
4720.4
4890.0
4876.4
4833.6
4641.2
4718.0
4639.6
5086.0
4620.8
5002.4
4132.4
4914.8
4814.4
4794.8
4854.0
3563.2
4794.8
4838.0
4548.4
4814.4
4917.2
4919.6
4920.4
4902.4
4861.6
4956.8
4736.4
4646.0
4714.0
4655.2
4226.8
4970.0
4929.6
4943.2
4832.0
5081.2
4891.2
4626.8
4849.2
4772.4
4901.2
4816.8
4718.0
4830.4
4952.4
4712.0
4109.6
4814.4
4360.4
4852.4
4722.4
4724.8
4655.2
4957.2
4168.0
4925.6
4713.2
4676.8
4656.4
4814.4
4024.0
4736.8
4022.8
4910.4
4068.0
4179.2
4922.4
4956.8
4040.0
4736.8
5041.6
4797.2
4812.0
5033.2
4846.4
4833.6
4902.4
5003.2
4706.8
5078.8
4930.0
4738.4
4140.4
