Scores in order of my_pop.txt 80
4979.2
4984.8
4749.2
4962.4
4839.6
4839.6
5018.8
4763.2
4943.2
4910.8
3988.4
4889.2
4980.8
4863.6
4752.0
4902.8
4962.4
5069.2
4906.0
5068.4
4570.8
4870.8
4898.8
5018.8
4950.0
4990.0
4856.0
4851.6
5088.0
4938.4
4671.6
5068.4
5199.2
4298.8
4956.0
4320.8
5017.6
4527.2
2086.8
5166.8
4681.6
4307.2
4854.0
4686.4
4749.2
4996.0
4953.6
4979.2
5068.4
4878.0
3466.8
5068.4
4620.8
3834.4
5068.4
4974.0
4250.0
5056.0
4862.8
5018.8
4923.6
5036.0
4014.4
4884.0
4919.2
4447.2
5149.6
3956.4
5068.4
4838.0
5175.6
4325.6
4980.8
4759.2
5068.4
4167.2
5068.4
4680.4
4862.8
4910.8
4986.8
4890.0
5057.2
4803.2
4782.8
4910.8
4283.6
4868.8
4739.6
4968.8
4862.8
4099.6
4969.6
4518.8
4761.2
4791.6
4889.2
4976.8
4288.0
5042.8
