Scores in order of my_pop.txt 78
4629.2
4815.2
4636.4
4552.4
4566.8
4566.8
4623.6
4750.0
4774.8
4649.6
4636.4
4795.6
4751.6
5036.4
4701.6
4781.6
4623.6
4841.2
4833.2
4762.4
2082.0
4398.8
4834.0
4221.6
5156.4
4809.2
4763.2
4663.2
4762.0
4614.8
4880.8
4884.4
4906.4
4903.6
4886.0
4830.4
4811.6
4411.2
4776.0
4750.0
4774.8
4827.2
4761.6
3665.6
4830.8
4063.2
4809.2
4889.2
4160.4
5011.2
4685.6
4697.2
4556.8
4809.2
4946.0
4877.2
4726.8
5036.8
4740.4
4787.2
4682.4
4244.8
4554.8
4836.4
4319.2
4836.4
4742.4
4663.2
5069.2
4836.4
4762.4
4120.8
4883.2
4558.4
4726.8
4875.6
4643.2
4816.4
4678.4
4229.6
4369.6
4566.8
4867.6
4726.4
4709.2
4636.4
4795.6
4726.4
4307.6
4670.4
5036.8
5058.0
4625.6
4332.4
4662.8
4566.8
5087.6
4034.8
4840.0
4708.0
