Scores in order of my_pop.txt 94
4897.2
4909.6
4909.6
4909.6
4909.6
4909.6
4909.6
4909.6
4909.6
4909.6
4832.4
4886.8
4970.8
4199.2
4773.2
4909.6
4979.2
4832.4
4913.2
4084.0
4752.8
4322.4
4945.6
5070.8
4970.8
4948.4
4038.8
4909.6
4945.6
4875.6
4376.8
4961.2
4767.6
5084.8
4979.2
4909.6
4572.8
4979.2
4909.6
4415.2
4945.6
4556.4
5030.4
4954.4
4450.0
4909.6
4097.6
4909.6
4954.4
4713.2
4741.2
4832.4
4909.6
4936.0
4612.0
4840.8
4459.2
4945.6
4873.2
5040.8
4832.4
4961.2
4961.2
4909.6
5040.8
4930.4
4979.2
4961.6
4124.8
4909.6
4945.6
4832.4
4982.8
4524.8
4913.2
5070.8
4843.6
4366.4
4860.4
4418.0
5022.8
4909.6
4909.6
4885.6
4979.2
4909.6
4979.2
5160.0
4724.4
4909.6
4909.6
5002.4
4817.2
4909.6
4979.2
4196.0
4961.6
4978.8
4898.4
4904.8
