Scores in order of my_pop.txt 34
4981.2
4714.0
4884.8
4883.2
4824.8
4757.6
4688.8
4578.4
4656.4
4771.2
4091.6
3904.8
4580.0
4508.8
4909.6
4708.4
4258.8
4651.6
4489.2
3992.4
4195.6
4906.4
2160.8
4550.8
4913.6
4560.0
4396.4
4581.2
4923.2
4500.0
4442.8
4421.6
4298.0
4306.8
4791.2
4495.6
4891.2
4836.8
4211.2
4686.0
4427.2
4097.6
4204.0
4532.0
4145.6
2360.8
4568.4
4728.8
4259.6
4746.0
4632.4
4843.6
4924.8
4728.4
4621.6
4636.4
4448.8
4270.0
4812.8
4304.0
3994.4
4621.2
4540.4
4613.6
4126.8
4669.6
4614.8
4782.4
4772.0
2671.2
4583.6
4369.2
4170.8
4553.2
3628.4
4323.2
4447.6
4660.8
4128.8
4833.6
4214.0
4367.6
4016.0
4124.8
4964.4
4491.6
4557.2
4872.0
4676.4
4474.4
2742.0
4752.0
4470.0
4434.0
4456.4
4624.0
4834.8
4205.6
4782.0
4853.2
