Scores in order of my_pop.txt 2
4307.2
3859.2
3151.2
2688.0
2688.0
2688.0
2688.0
2688.0
2687.6
3048.0
2724.0
2724.0
2928.8
2724.0
2687.6
2724.0
2689.2
2928.8
2688.0
2724.0
2688.0
2928.8
2928.8
2724.0
1902.0
2928.8
2928.8
2928.8
2724.0
3862.8
2928.8
2928.8
2688.0
3400.8
2928.8
4444.0
2928.8
2270.8
1763.6
2928.8
2583.2
2928.8
2724.0
2928.8
2270.8
2459.6
2797.2
2928.8
2931.6
2908.4
2724.0
2928.8
2270.8
2206.0
3048.0
2887.2
2928.8
2928.8
2270.8
2724.0
2234.4
2688.0
2282.4
2916.8
2416.4
2687.6
2234.4
2928.8
2724.0
3814.0
2928.8
2724.0
2928.8
3806.8
2724.0
2378.4
2270.8
2416.4
3770.0
2688.0
2583.2
2688.0
2928.8
3028.4
2234.4
1764.8
2928.8
2688.0
2928.8
2928.8
2928.8
2724.0
2928.8
2270.8
2724.0
2928.8
2920.8
2650.8
3072.0
2220.0
