Scores in order of my_pop.txt 88
4696.0
4839.2
4811.2
4928.8
4870.4
5051.2
5051.2
4830.8
4830.8
4798.4
4657.6
4814.8
4375.2
4745.2
2516.4
4612.0
4721.6
4844.8
5051.2
4849.2
4656.4
5066.8
4844.8
4128.8
4710.0
4478.0
4636.4
4835.6
4844.8
4866.8
4704.8
4830.8
4601.6
4928.8
4533.6
4506.4
5006.4
4014.0
4830.8
4844.8
4755.2
4657.6
4890.0
4798.4
4367.6
4179.2
4583.6
3861.2
4860.0
4715.2
4597.6
4894.4
4681.6
4496.4
4664.8
4830.8
4844.8
4120.0
3014.0
4619.6
4844.8
4839.2
4612.0
4785.2
4657.6
4277.6
5066.8
4619.6
4844.8
4732.0
5166.8
5161.2
4754.8
4558.0
4664.8
4698.4
4884.0
4875.6
4821.2
4690.8
4764.0
4519.6
4738.4
5070.4
4754.8
4830.8
4074.8
4657.6
4867.2
4807.6
4268.0
4838.8
4654.4
4870.4
4612.0
4928.8
3904.4
4830.8
4645.2
5051.2
