Scores in order of my_pop.txt 22
4550.0
4405.2
4618.4
4596.8
4465.2
4476.8
4489.6
4559.6
4556.8
4442.0
4602.4
3477.2
4535.2
3926.0
4438.0
4522.8
4241.6
4309.2
4504.4
3907.6
4308.0
4457.6
3632.0
4069.6
4350.0
4304.8
4294.0
4370.8
4419.6
4387.6
4437.6
4281.2
4360.4
4178.0
4546.4
4428.0
3245.6
4319.6
4446.4
4358.8
4649.2
4423.6
4379.6
4199.2
3946.4
4301.2
4443.6
4364.8
3407.6
4440.4
4263.2
4237.2
3042.8
4490.0
2560.8
4356.8
3360.8
4637.2
4020.4
3993.2
4038.4
3980.8
2794.4
4093.2
3034.0
4413.6
3625.6
4037.2
4419.6
4161.6
4501.6
4652.4
4470.4
3873.2
4758.4
4211.6
3507.6
3980.4
4426.8
3462.4
4315.6
2560.8
4415.2
4480.0
4358.8
2560.8
4478.8
4586.0
2560.8
4278.0
4324.4
4508.0
4352.0
3737.6
4218.8
3749.2
4472.0
4377.6
4394.4
4604.4
