Scores in order of my_pop.txt 11
4216.8
4436.8
4432.0
4455.6
4204.4
4402.8
4192.0
4108.0
4492.0
3787.6
4258.8
4159.2
4282.0
4200.4
4226.0
3958.8
4032.0
3391.6
4192.4
4067.2
4084.0
4060.0
4050.8
4628.0
3424.8
4388.4
3514.0
4098.8
4381.2
4163.6
4120.8
3388.4
2970.4
4288.0
4026.8
4095.6
3332.8
4185.2
2482.8
4328.0
3770.4
4074.0
4198.8
4218.0
4322.4
4394.8
4332.4
4286.0
4344.8
4109.2
4159.6
4204.8
3880.8
4177.2
4188.8
4176.8
4246.4
3867.6
3802.8
3717.6
2726.0
4319.2
2528.4
3966.0
4339.2
4400.4
2983.6
3904.4
3102.0
3758.0
4138.0
4132.4
2528.4
2528.4
3093.2
4113.6
4194.4
4127.6
4184.0
3857.6
4312.0
4278.8
4080.0
4198.4
4155.2
4275.2
3840.4
3850.8
4140.8
4278.8
3940.4
4061.6
4087.2
3829.2
3818.4
4270.4
4362.0
4410.4
4255.2
4071.2
