Scores in order of my_pop.txt 13
4615.2
4634.8
4409.2
4471.2
4277.2
4290.8
4159.6
4555.2
4388.4
4527.6
4293.6
4341.2
4224.4
4354.0
4185.2
4210.8
3905.6
3964.0
4361.6
4347.6
4332.0
4326.4
2662.8
4212.8
4272.8
4122.8
4194.8
4271.2
4006.8
3377.2
3896.4
4404.0
4035.6
4474.8
4289.2
4251.2
4089.6
4152.4
3939.2
3980.4
4010.8
4068.0
4250.8
4207.2
2592.8
4101.6
4260.0
4192.0
4509.6
4358.8
4315.6
4272.8
4358.4
4332.8
4348.0
4557.2
4302.0
4035.6
3652.0
4337.6
4479.2
4361.2
4105.6
4290.4
4165.2
4136.8
4279.6
4248.0
4491.6
4321.2
4293.6
2662.8
4398.8
4478.4
3756.8
4463.2
4360.4
4363.6
4503.2
4441.2
3695.6
4284.8
4469.6
4273.6
4114.8
3822.0
4148.0
4307.2
4376.4
4658.0
4178.4
4095.6
3982.4
4742.4
4323.2
4170.4
4159.6
4314.4
4362.8
4266.4
