Scores in order of my_pop.txt 8
4177.6
4244.0
4130.4
4354.8
4340.8
4129.2
4349.6
4344.0
3954.8
4239.6
3662.8
4363.2
4227.2
4026.8
4392.0
3869.2
3966.0
4031.6
3959.2
3894.4
3989.2
3862.0
2587.6
3865.6
4129.2
4442.4
3947.6
3954.8
3826.4
4106.8
4210.8
2686.4
3908.0
2700.4
3970.0
2399.6
4082.8
4175.2
4256.0
4194.4
4041.6
4092.8
3811.2
3908.8
3968.4
3944.8
4235.2
4120.0
4286.8
4188.4
3938.4
4185.6
3754.8
4160.4
3987.6
3947.6
3560.4
3859.2
3963.6
4000.0
4408.8
4200.0
4258.0
2744.8
4152.8
4172.4
3929.6
3916.4
3232.0
3813.2
4008.8
3718.0
3919.2
3900.8
3826.0
4194.4
3878.4
4058.4
4198.8
4089.2
3979.2
4024.8
4220.0
4150.8
3950.4
3927.6
4465.2
3940.4
4052.8
3991.6
3550.0
4224.8
4004.0
4204.8
3832.0
3964.0
4009.2
3978.4
3909.6
4162.0
