Scores in order of my_pop.txt 6
4047.6
4333.2
4057.6
4328.4
3968.4
4488.0
4294.4
4262.4
4063.2
4208.4
3870.8
3781.6
3936.4
3580.4
3858.8
3837.2
4281.2
3466.4
3616.4
3879.2
3800.4
3824.8
4228.0
4171.2
3932.8
3949.2
2559.6
3892.4
3931.2
4104.0
3837.2
3918.4
4082.0
3734.8
3793.2
3837.2
3863.2
3045.6
4280.4
4330.0
3914.0
3824.8
3734.4
3820.4
4020.8
2933.6
3728.4
4441.6
4156.4
4402.8
4361.6
3742.0
3738.0
3543.6
3726.8
4176.4
2566.8
4279.2
3798.8
3705.2
3788.8
3483.2
2426.0
4463.6
2828.0
4114.8
3790.4
3800.0
2836.4
3781.2
3795.2
3836.0
2086.0
3691.6
1816.0
2642.8
3649.2
2933.6
3763.2
2560.8
2905.6
2732.4
3728.4
4492.4
3916.0
4558.8
3837.6
3846.0
2566.8
2766.0
3888.0
4306.8
3808.4
3837.2
2762.0
3824.8
3706.8
4397.6
3742.0
4288.0
