Scores in order of my_pop.txt 33
4844.8
4844.8
4729.6
4665.2
4866.0
4613.2
4439.2
4792.8
4689.6
4537.2
4336.4
4525.2
4738.4
4422.0
4673.2
4174.8
2417.2
4561.6
4840.0
4797.6
4607.2
4013.2
4596.8
4644.4
4729.6
4654.0
4550.8
4648.4
4416.4
4740.4
4992.0
4811.2
4744.4
4405.6
4405.6
4597.2
4924.0
4653.2
4578.4
5106.0
4791.6
4798.4
4644.8
4652.4
4790.4
4853.2
4396.8
4566.0
4337.2
4734.4
4735.2
4198.8
4497.2
3820.8
4718.4
3366.8
4200.0
4986.8
4593.2
4305.6
4516.0
3599.6
4762.4
4578.0
3512.4
4399.6
4578.8
4131.2
4672.8
4790.4
4577.6
4820.4
3889.2
4982.4
4849.2
4662.8
4608.0
3983.6
4870.4
4636.0
4680.0
4773.2
4200.4
4233.6
4718.4
4260.0
4716.4
4560.4
4774.8
4502.0
4683.2
3712.0
3944.4
4735.6
4196.4
4641.6
4626.8
4349.2
4634.8
2822.0
