Scores in order of my_pop.txt 16
4189.6
4494.8
4550.8
4441.2
4348.4
4424.0
4314.0
4367.6
4291.6
4288.8
4394.8
4323.6
3699.6
4408.8
4402.8
4402.0
4576.0
4382.4
4509.2
4716.8
4251.2
4140.0
4397.2
4099.2
4410.4
4412.8
3773.2
4302.8
4436.4
4485.2
3990.4
4359.2
4080.8
4442.0
4124.4
4212.4
4604.0
3936.4
4476.8
4546.4
4436.4
4468.8
4406.8
4405.2
4576.4
4480.8
4313.2
3950.4
4462.0
4275.6
3145.2
4478.4
4316.4
3786.0
4292.8
4162.8
4576.8
4395.6
4335.2
4304.0
2316.0
4299.6
4162.8
4260.4
4553.2
4040.0
3059.2
3675.6
4496.0
3812.8
3851.2
4524.0
4305.2
4625.2
4165.2
4433.2
3995.6
4284.8
4209.6
4632.4
4284.0
4359.6
4461.6
3824.0
4422.4
3582.4
4047.2
4249.2
4254.8
4210.0
4554.0
4368.0
4285.6
3698.4
3732.4
4323.6
4567.6
4141.6
4587.6
3890.8
