Scores in order of my_pop.txt 100
4655.6
4724.0
4772.0
4772.0
4772.0
4772.0
4772.0
4772.0
4772.0
4772.0
4524.0
4768.8
4690.8
4772.0
4464.0
4772.0
3976.0
4690.8
4726.8
4931.2
5000.8
4725.6
4712.4
4655.6
4702.4
4712.4
4699.6
4345.2
4699.6
3924.0
4780.0
4352.0
4699.6
4690.8
4690.8
4731.2
4690.8
4992.8
4524.0
4450.4
4992.8
4810.4
4992.8
4767.6
4524.0
4772.0
4690.8
4772.0
4690.8
4772.0
4992.8
4070.0
4772.0
4773.2
4385.2
4156.8
4574.8
4690.8
4802.0
4690.8
4768.8
4327.2
4810.4
4712.4
5042.8
4767.6
4133.6
4558.8
4992.8
4035.6
4690.8
4053.6
4992.8
4116.8
4574.8
4772.0
4712.4
4690.8
4810.4
4772.0
4677.2
4426.8
4992.8
4772.0
4762.0
4768.8
4718.8
3512.8
4524.0
4754.4
4574.8
4740.8
4992.8
4113.2
4768.8
4690.8
4992.8
4772.0
4145.6
4576.4
