Scores in order of my_pop.txt 77
4769.2
4884.0
4834.0
4938.0
4890.8
4636.8
4874.0
4790.0
4741.2
4899.2
4573.6
4534.0
4143.6
4104.8
4691.2
4716.8
4282.4
4782.0
4820.0
4744.4
4690.4
4812.8
4659.6
4748.8
4790.0
4659.6
4829.2
4567.2
4904.4
4852.8
4899.2
3936.0
4767.2
4752.8
4784.4
4657.2
4748.8
4115.6
4450.0
4742.8
4762.0
4083.6
4593.6
4302.4
4593.2
4818.0
4741.2
4186.0
4883.6
4790.0
4655.2
4295.6
4826.0
4796.4
4748.4
4568.8
4694.4
4769.2
4796.4
4117.6
4496.8
4050.4
4213.6
4636.8
4218.4
4109.2
4150.8
4638.0
4092.4
4818.4
4801.2
4808.0
4530.4
4245.2
4818.4
4701.2
4884.8
4913.6
4348.4
4843.2
4821.2
4609.6
4321.6
4770.0
3007.6
4719.6
4641.6
4688.4
4218.0
4538.8
4796.4
4812.8
4642.4
4136.4
4729.6
4918.4
4672.0
4082.8
4818.4
4115.6
