Scores in order of my_pop.txt 1
2607.2
2224.0
2787.6
2435.6
2507.6
2624.4
2787.6
2318.4
1958.0
2224.0
2224.0
2787.6
2184.0
2184.0
2561.6
2892.4
2787.6
2561.6
2224.0
2198.8
2166.4
2235.2
2224.0
2787.6
2454.4
1789.2
2184.0
2130.0
2184.0
2561.6
2787.6
2589.2
2224.0
3778.4
2561.6
2561.6
2271.2
2184.0
2224.0
2892.4
2184.0
2561.6
2435.6
2787.6
2224.0
2607.2
2224.0
2184.0
2787.6
4149.2
2867.2
2787.6
2149.2
2224.0
2561.6
2892.4
2184.0
2787.6
2787.6
2224.0
3254.8
2318.4
2685.6
2787.6
2184.0
1833.2
2787.6
2561.6
2787.6
2184.0
2184.0
2787.6
2144.4
2229.2
2787.6
2892.4
2435.6
2787.6
2433.6
2561.6
2561.6
2787.6
2787.6
2628.0
2791.2
2184.0
2184.0
2561.6
2797.2
2561.6
2184.0
2113.6
2229.2
2000.8
2516.0
2787.6
2787.6
2787.6
2318.4
2224.0
