Scores in order of my_pop.txt 38
4666.4
4686.8
4800.0
4681.2
4726.8
4801.6
4879.2
4702.0
4637.2
4640.4
4837.6
4112.0
3397.6
4664.4
3125.2
4648.8
4519.6
4592.4
4622.4
4574.0
4363.6
4356.0
4390.4
4615.6
4750.4
4584.8
2504.4
4552.0
4892.4
2337.6
4678.8
4772.8
4702.0
4008.0
3952.8
4466.4
4742.8
4579.6
3967.6
4479.6
4641.2
4498.4
4055.6
4757.6
4647.2
3001.6
4686.8
4565.2
4408.8
4396.4
4272.0
4473.2
4613.2
4738.0
4640.8
3847.6
4418.8
4178.4
4020.4
4261.2
4378.8
4506.4
4433.6
4025.6
4193.2
4875.6
4791.6
4366.4
4615.6
4635.2
4560.4
4142.8
4139.2
4680.0
4343.6
4727.6
4448.4
4404.4
4494.0
4677.6
4508.0
4070.0
3826.0
4306.8
4400.4
4153.2
4390.4
3494.4
4684.4
4376.0
4160.8
4612.4
4876.8
3726.8
4693.2
4706.4
4813.2
3973.6
4215.2
4146.4
