Scores in order of my_pop.txt 50
5039.6
4705.6
4937.2
4734.0
4997.6
4888.8
4867.2
4916.0
4877.2
5016.4
3910.4
4092.0
4838.4
4369.2
4457.6
4482.8
4893.6
4085.2
4383.2
4326.4
4680.0
4158.0
4675.2
4426.0
4990.0
4437.2
4900.8
4722.0
4752.0
4996.4
4543.6
4097.6
4678.0
4717.6
4446.0
3976.0
4633.2
4322.8
3970.0
4840.8
4529.2
4950.4
3992.0
3918.4
4621.6
4756.4
4625.6
4757.2
4476.8
4052.8
4453.6
4431.6
4507.2
4444.4
3779.2
4888.8
5095.6
4721.6
4207.6
4606.8
4334.0
4344.8
4550.8
4726.4
4591.6
4374.0
4757.6
3854.4
4440.8
4024.8
4784.8
4955.6
4336.8
3998.8
4079.2
4736.8
4344.4
4867.2
2028.0
4450.4
2571.6
4867.2
4593.6
4443.6
3883.2
4184.4
4455.2
4282.0
4071.6
4971.2
4566.4
3994.8
4376.8
4162.4
4125.2
4939.2
2381.6
4126.0
4484.8
4983.2
