Scores in order of my_pop.txt 42
4817.6
4635.2
4843.6
4924.0
4665.2
5055.2
4850.0
4740.8
4958.4
4938.4
4775.2
4843.6
4667.6
4593.2
4878.4
4366.8
4705.6
4684.0
4108.4
4136.4
4093.6
4584.4
4788.0
4302.0
4362.4
4742.8
4079.2
4509.6
4264.0
5135.6
4944.4
4408.0
4353.2
4879.2
4561.6
4422.4
4852.0
5013.6
3810.0
4872.4
4513.6
4904.4
4708.8
4850.0
4408.0
4267.2
4670.0
4455.2
4616.8
4271.2
4822.4
4649.2
4804.0
4446.4
4133.6
4852.8
4684.8
4480.8
4630.0
4604.0
5068.4
4888.4
4802.8
3566.8
4436.4
4826.8
4222.0
4222.0
4339.6
4490.4
4794.8
4261.6
4100.4
3914.0
4596.8
4898.8
4069.6
5147.2
2351.6
4826.0
4853.2
4833.6
4399.6
2705.2
4276.4
4838.8
4855.2
3970.4
4270.8
4593.6
4233.2
4866.4
4683.2
4470.8
4319.6
4254.8
4646.8
4596.4
4638.8
4871.6
