Scores in order of my_pop.txt 14
4341.2
4423.2
4482.8
4354.0
4657.2
4409.2
4501.6
4396.8
4482.8
4226.8
4232.8
3378.8
4371.2
4514.0
4028.4
4025.6
3780.0
4220.4
3754.8
2539.2
4158.4
4178.8
4068.0
4447.2
4416.4
4438.0
4462.8
4065.2
3953.2
4216.0
3988.0
4135.2
3982.4
4493.2
4418.8
3945.6
4270.8
4740.4
4486.8
4512.8
3895.2
4296.4
4256.4
4160.8
3506.8
4196.8
4272.8
4353.6
4458.4
4282.0
4363.2
4331.6
4441.6
4204.4
4367.2
4044.8
4082.0
3831.6
4061.6
4441.2
4137.6
4501.6
4040.0
4355.2
4333.6
4308.8
3857.6
2502.8
4490.8
2502.8
3969.2
4693.2
4193.2
4479.2
4206.0
4287.6
4166.0
4415.2
2502.8
4205.6
4120.8
3826.8
4149.6
4096.4
4372.4
4092.8
3970.4
4394.4
4093.2
4448.8
3792.0
4084.8
4354.4
3870.0
4348.4
2502.8
4421.2
4438.4
4197.2
3983.2
