Scores in order of my_pop.txt 66
4950.0
4712.0
4616.4
4784.0
4791.6
4831.2
4914.4
4700.8
5134.0
4842.8
4800.8
4814.4
4781.6
4470.4
4855.2
4187.2
4878.4
4583.2
4043.2
4770.8
4386.0
4480.4
4616.4
4154.0
4658.0
3968.0
4842.8
4992.8
4708.0
4743.6
4537.6
4738.4
4619.6
5062.4
4889.6
4801.2
4139.6
5098.4
4658.0
4772.4
5081.2
4371.6
4692.0
4721.2
4012.0
4752.8
4896.8
3932.8
4784.0
4194.4
4906.8
4883.2
5014.4
5134.0
4781.6
4699.6
3969.2
4947.2
4703.2
4914.4
4729.2
4059.6
4406.0
4700.8
4956.4
4845.2
4303.6
4915.6
4805.6
4188.8
4464.8
4702.4
4781.6
4624.0
4781.6
4775.2
4818.0
3867.2
4764.8
3306.0
4834.0
4506.0
4394.4
4722.0
4005.6
5054.8
4534.0
5111.2
4781.6
4754.4
4501.6
4700.8
2760.0
4251.6
4140.4
4650.4
4756.8
4180.0
5123.6
4226.0
