Scores in order of my_pop.txt 26
4471.6
4654.8
4740.4
4534.0
4510.8
4510.8
4346.0
4435.6
4626.8
4607.6
4338.8
4627.2
4703.2
4308.8
4158.0
4472.0
4225.6
2706.8
4136.0
4538.8
4706.0
4292.8
4277.2
4541.2
4376.8
4422.0
4421.2
4535.2
4417.6
4257.2
4255.2
4361.6
4460.8
4585.2
4234.4
4467.6
4510.8
4558.0
4188.8
4525.6
4680.4
4363.2
4444.8
4362.0
4640.4
4260.8
4475.6
4615.2
4440.4
4556.0
4500.8
4477.6
4463.6
4449.2
4314.0
3877.6
4306.0
3710.4
3344.8
4385.6
3793.2
4542.8
4337.6
3455.2
4468.8
4515.2
4527.6
4389.6
2560.4
4636.4
4449.6
4296.0
4344.4
4510.0
3664.4
4768.0
4619.2
4100.8
4058.0
4552.0
4711.6
4510.4
2591.6
3286.8
4563.2
4210.8
4544.0
4260.8
4510.4
4685.2
4465.2
4206.8
4544.8
3274.4
4580.4
4349.6
2624.4
4030.8
4164.0
3714.8
