Scores in order of my_pop.txt 96
5046.8
5046.8
5046.8
5046.8
5046.8
4870.0
4870.0
4837.6
4870.0
4870.0
4932.8
4997.6
3918.8
5230.0
4569.6
5184.4
4837.6
4091.2
4909.2
5001.6
4732.8
5157.2
4944.4
4854.4
4684.4
5001.6
5046.8
5254.0
4892.4
5004.4
4913.6
4585.2
5179.6
4811.2
4870.0
4564.4
5254.0
4305.2
4516.8
5230.0
2292.4
4144.8
4918.8
2897.6
5179.6
4202.8
5165.2
4732.8
4870.0
5046.8
5157.2
5230.0
5230.0
4708.8
4870.0
5046.8
4048.0
4089.6
5254.0
5046.8
5001.6
5001.6
5230.0
5184.4
5184.4
3766.4
4954.8
4732.8
4136.8
4418.4
4892.4
4972.8
4753.2
4732.8
4917.2
4870.0
4764.8
4816.0
5157.2
4837.6
4693.2
5190.8
4765.6
4178.0
4733.6
4564.4
5001.6
5001.6
2580.8
4992.0
4468.0
5046.8
5230.0
4954.4
5230.0
5001.6
4822.0
4972.8
4652.4
4854.4
