Scores in order of my_pop.txt 20
4570.4
4673.6
4481.2
4469.2
4665.2
4453.6
4326.0
4350.4
4605.2
4404.8
4281.2
4443.2
4358.0
4715.6
4157.6
4325.2
4473.2
4716.4
4011.6
4700.0
4241.2
4375.2
4473.2
4828.8
4176.4
4274.0
4400.0
4370.4
4476.8
4573.2
4539.2
4063.2
4718.0
4169.6
4589.2
4128.4
4122.0
4066.0
4768.0
4504.4
3898.4
4587.2
4660.8
4464.8
2714.0
4435.6
4566.4
4309.6
3568.4
4351.6
4758.4
4077.2
4569.6
4225.2
4352.0
4487.2
4116.0
4423.2
4152.8
3803.2
4426.4
4306.8
3797.6
4612.8
4645.2
4623.2
4651.6
4484.0
4731.6
2264.4
2404.8
4460.8
4014.8
4424.8
4477.2
4502.8
4027.2
4390.8
4416.0
4626.0
3938.8
4499.2
4268.4
4589.6
4415.2
4564.0
3347.6
4371.2
4148.0
3326.4
4318.4
4869.2
4186.8
4290.4
4313.6
4385.6
4329.6
4380.4
4250.0
4594.0
