Scores in order of my_pop.txt 7
4321.6
4256.8
4246.0
4219.2
4096.0
4160.4
4048.4
4207.6
4328.0
4071.2
4165.6
4124.8
3938.0
3725.6
4332.0
2605.6
2668.8
4067.6
4246.0
2627.6
3092.8
3902.8
2366.0
4240.0
4088.4
3948.4
3890.0
3611.6
4137.6
2453.6
4204.0
4126.4
3830.0
3621.2
4007.2
2346.0
3076.8
3936.4
3725.6
3966.4
4032.0
4070.0
3088.8
3734.0
3656.8
4050.4
2614.4
4219.2
4074.0
4084.0
2630.0
2439.6
3728.0
2367.6
2474.8
4022.4
2630.0
4193.6
3902.8
4038.8
2312.4
4121.6
3023.2
4056.8
3947.2
4383.2
3984.8
2820.0
4082.0
4041.2
3548.4
3696.0
3633.2
4093.6
4049.6
2207.2
3832.8
3906.0
3834.4
3645.2
4266.0
4230.4
4150.8
4209.2
3856.4
3970.0
2630.0
3633.6
3908.0
3334.8
4090.8
4330.4
2583.6
3518.4
4113.6
4027.2
4111.6
3962.8
3938.8
3972.8
