Scores in order of my_pop.txt 43
4922.4
5121.2
4950.0
4962.0
4800.4
4726.8
4745.6
4920.0
4837.2
4887.2
4719.6
4868.4
4473.6
4872.4
4632.8
4471.2
4975.6
4247.2
4765.2
4666.0
3668.0
3976.8
4887.2
4674.0
4721.2
3995.2
4688.8
4215.2
4722.8
5006.4
4476.4
4411.2
4995.2
4387.2
4344.0
4811.2
4301.6
4535.2
4808.0
4698.8
4600.0
4478.4
4776.4
3880.0
4244.8
4876.4
2736.4
4476.8
4442.8
4468.4
3980.0
3820.8
4549.6
4708.8
4714.8
4759.6
4444.8
4497.6
3760.8
4676.4
4630.0
4832.0
4486.0
4238.8
4756.8
4942.0
4990.0
4178.0
4137.6
4544.0
4608.8
4749.2
4478.8
4600.0
4956.0
4505.2
5075.2
4079.2
4555.6
3837.2
4314.0
4948.4
4428.8
4551.2
4457.2
4140.0
4798.0
4139.2
4286.0
4486.8
1971.2
4104.4
4578.8
4685.2
4831.6
3428.8
4993.2
4534.4
4523.2
4953.2
