Scores in order of my_pop.txt 99
5028.0
5028.0
5028.0
4990.0
4990.0
4990.8
4998.0
5013.2
4702.8
5008.8
4882.4
3943.6
4687.2
4358.8
4832.0
5008.8
4374.4
4979.6
4674.8
4998.0
3732.4
4984.0
4990.0
4477.2
4984.0
4616.0
4998.0
4279.6
4228.4
4958.8
4272.4
4226.0
5028.0
4816.8
5008.8
4984.0
4752.8
4998.0
4665.6
4990.0
4968.0
4750.0
4547.6
5008.8
4496.4
4663.2
4897.2
4607.6
4856.0
4859.2
5008.8
5008.8
4617.2
5134.0
4607.6
4958.8
5004.0
4751.2
4968.0
4702.8
4720.0
5028.0
4290.4
5013.2
4278.0
5008.8
4845.2
4988.4
4882.4
5028.0
4614.0
4311.6
4903.6
5008.8
4659.6
4108.4
4496.4
5008.8
5039.6
4958.8
4181.2
5028.0
4990.0
4958.8
4920.8
4583.2
4163.6
4704.4
5004.0
4651.2
4968.0
5028.0
4449.2
4258.8
4684.4
4607.6
4720.0
4984.0
4640.8
4173.2
