Scores in order of my_pop.txt 27
4474.8
4678.4
4412.4
4510.8
4574.8
4589.2
4445.6
4457.2
4498.4
4770.0
3778.4
4450.0
4591.2
4114.8
4708.8
4650.4
4258.8
4423.6
4320.8
4297.6
4051.2
4594.4
4460.8
4344.8
4401.6
4335.6
4460.8
4807.6
4451.2
4127.2
4284.4
4195.2
2772.4
3954.8
4492.4
4512.4
4661.2
4540.8
4643.2
4414.0
4433.6
3792.8
4603.2
4488.8
4066.4
4451.2
4450.4
4600.0
4165.2
4219.6
4620.8
4549.6
4356.8
4403.6
4692.4
4237.6
4111.2
4212.0
3298.0
4630.8
4402.8
4419.6
4411.6
4596.8
4382.0
4475.2
4648.8
4436.8
4581.6
3285.6
4428.8
4093.2
4382.8
4404.8
4315.2
4735.6
4657.6
4556.8
4033.6
3258.4
4521.6
4506.8
4359.2
4540.8
4545.2
4149.2
4287.2
4608.4
4149.2
4111.2
4372.8
4035.6
4713.6
4361.2
4296.4
4376.8
3921.6
4715.6
4647.6
4494.8
